Jaelan Phillips
3
Lathan Ransom
4
Aaron Hall
5
Princely Umanmielen
6
Claudin Cherelus
6
Mike Jackson
8
Bobby Okereke
9
Lee Hunter
10
Tre'von Moehrig
11
Jaycee Horn
12
Thomas Incoom
13
Trevis Gipson
14
TeRah Edwards
15
Chau Smith-Wade
16
Nick Scott
17
Will Lee III
18
Jeremiah Moon
19
Devin Lloyd
20
Derrick Brown
# 97
DI
1
39
18
19
2
89.5
55.0
69.2
67.6
81.2
3
0
0
3
0
1
2
0
0.0
1
0
0
0
0
0
0
0
0
0.0
0 (0)
39
0
0
0
0
4
28
6
1
# 05
ED
1
58
25
29
4
69.6
61.3
74.2
68.3
64.6
4
1
0
3
0
2
1
0
0.0
3
0
1
1
100.0
7
7.0
11
7
0
0
0
95.8
0 (0)
56
1
0
1
0
0
2
1
53
# 22
S
1
9
0
0
9
66.3
-
78.2
-
64.5
0
0
0
0
0
2
0
0
0.0
0
0
0
0
0
0
0
0
0
0.0
0 (0)
0
0
9
0
0
0
0
0
0
# 94
DI
1
34
17
17
0
65.0
69.4
69.2
51.9
-
3
0
0
3
0
0
2
0
0.0
0
0
0
0
0
0
0
0
0
0.0
0 (0)
34
0
0
0
0
0
21
8
5
# 03
ED
1
35
12
21
2
61.4
51.8
74.2
65.4
62.7
2
1
0
1
0
2
0
0
0.0
1
0
0
0
0
0
0
0
0
0.0
0 (0)
35
0
0
0
0
0
0
0
35
# 53
LB
1
1
0
0
1
61.0
-
-
-
60.0
0
0
0
0
0
0
0
0
0
0
0
0
0
0
0
0
0
0.0
0 (0)
0
1
0
0
0
0
0
0
0
# 02
CB
1
75
35
0
40
61.0
28.1
29.3
-
73.0
0
0
0
0
0
2
0
1
33.3
0
0
1
0
0.0
0
0
0
0
0
39.6
0 (0)
0
5
0
1
69
0
0
0
0
# 58
LB
1
66
35
4
27
60.9
47.6
81.2
80.7
67.3
1
0
0
1
0
4
1
0
0.0
1
1
4
4
100.0
42
10.5
30
19
1
0
0
150.0
0 (0)
0
64
0
2
0
0
0
0
0
# 92
DI
1
34
18
16
0
60.5
54.1
43.2
80.7
60.0
2
0
0
2
0
6
0
1
14.3
5
0
0
0
0
0
0
0
0
0.0
0 (0)
33
1
0
0
0
14
19
0
0
# 07
S
1
75
35
1
39
58.1
45.7
42.2
67.6
62.7
0
0
0
0
0
0
3
1
25.0
0
0
1
1
100.0
7
7.0
11
7
0
0
0
95.8
0 (0)
3
30
22
20
0
0
0
0
3
# 08
CB
1
75
35
0
40
57.9
55.7
76.9
-
58.4
0
0
0
0
0
2
0
0
0.0
0
0
2
2
100.0
41
20.5
7
28
0
0
0
118.8
0 (0)
4
13
0
20
38
0
0
0
4
# 48
ED
1
4
1
3
0
57.6
60.7
70.5
54.9
-
0
0
0
0
0
1
0
0
0.0
1
0
0
0
0
0
0
0
0
0.0
0 (0)
4
0
0
0
0
0
0
0
4
# 52
ED
1
45
23
17
5
57.1
70.6
35.4
61.6
47.1
1
0
0
1
0
2
0
1
33.3
1
0
1
1
100.0
12
12.0
3
12
0
0
0
116.7
1 (0)
42
1
0
2
0
0
1
1
40
# 93
DI
1
22
14
8
0
53.9
56.3
68.9
54.2
-
0
0
0
0
0
2
0
0
0.0
0
0
0
0
0
0
0
0
0
0.0
0 (0)
22
0
0
0
0
3
15
3
1
# 26
S
1
19
14
0
5
49.0
43.6
29.0
-
62.4
0
0
0
0
0
0
1
1
50.0
0
0
0
0
0
0
0
0
0
0.0
0 (0)
0
6
8
4
1
0
0
0
0
# 21
S
1
72
34
1
37
47.8
49.4
58.8
60.0
52.7
0
0
0
0
0
6
0
1
14.3
2
0
1
1
100.0
12
12.0
1
12
0
0
0
116.7
0 (0)
0
12
51
9
0
0
0
0
0
# 24
CB
1
27
8
0
19
44.9
28.0
26.5
-
56.9
0
0
0
0
0
5
0
3
37.5
1
0
6
4
66.7
90
22.5
17
47
0
0
1
109.7
0 (0)
0
0
0
0
27
0
0
0
0
# 56
ED
1
15
9
6
0
40.9
45.3
69.9
54.0
-
0
0
0
0
0
1
0
0
0.0
0
0
0
0
0
0
0
0
0
0.0
0 (0)
15
0
0
0
0
0
2
0
13
# 55
LB
1
74
35
8
31
31.9
42.1
45.3
60.4
36.7
3
0
0
3
0
10
3
2
13.3
4
0
9
7
77.8
58
8.3
5
22
1
0
0
130.6
0 (0)
9
63
0
2
0
0
0
0
9
# 95
DI
1
46
17
29
0
31.7
49.4
70.4
60.0
55.8
4
0
1
3
0
3
0
0
0.0
3
0
0
0
0
0
0
0
0
0.0
2 (0)
45
1
0
0
0
0
24
19
2
