1
Elijah Jones
2
Channing Tindall
3
Josh Sweat
4
Walter Nolen
5
Zach Carter
6
Calais Campbell
7
Zaven Collins
8
Kitan Crawford
9
Jalen Thompson
10
Owen Pappoe
11
Garrett Williams
12
Will Johnson
13
L.J. Collier
14
Mack Wilson Sr.
15
Xavier Thomas
16
Dadrion Taylor-Demerson
17
Cody Simon
17
Kei'Trel Clark
19
Denzel Burke
20
Budda Baker
21
Jaden Davis
22
Baron Browning
23
Darren Hall
24
Akeem Davis-Gaither
25
Jordan Burch
25
BJ Ojulari
27
Anthony Goodlow
28
Max Melton
29
Dante Stills
30
Dalvin Tomlinson
31
PJ Mustipher
32
Bilal Nichols
33
Darius Robinson
# 28
CB
1
37
17
0
20
82.4
67.0
76.7
-
83.0
0
0
0
0
0
2
1
0
0.0
0
0
3
1
33.3
21
21.0
0
21
0
0
2
59.0
0 (0)
0
11
0
0
26
0
0
0
0
# 47
LB
2
4
1
1
2
75.7
65.0
73.2
59.4
60.5
0
0
0
0
0
1
0
0
0.0
1
0
0
0
0
0
0
0
0
0.0
0 (0)
0
4
0
0
0
0
0
0
0
# 10
ED
17
540
168
355
17
74.3
69.8
69.3
73.6
43.4
47
12
6
29
0
11
7
2
10.0
20
3
5
4
80.0
51
12.8
11
32
1
0
0
148.8
2 (0)
540
0
0
0
0
0
6
31
503
# 97
DI
6
169
70
99
0
74.2
57.4
73.8
80.3
60.0
15
2
2
11
2
6
2
1
11.1
5
0
0
0
0
0
0
0
0
0.0
0 (0)
169
0
0
0
0
2
102
57
8
# 90
DI
4
100
58
42
0
73.5
81.2
47.9
47.8
60.0
0
0
0
0
0
10
4
1
6.7
4
1
0
0
0
0
0
0
0
0.0
0 (0)
100
0
0
0
0
1
45
47
7
# 93
DI
17
524
183
339
2
72.3
69.2
35.5
65.1
69.2
33
6
9
18
2
26
9
7
16.7
24
0
0
0
0
0
0
0
0
0.0
1 (1)
521
3
0
0
0
6
258
217
40
# 25
ED
17
543
197
235
111
71.5
71.8
38.8
69.8
59.0
31
2
7
22
0
27
3
7
18.9
21
0
14
10
71.4
82
8.2
67
41
0
0
0
86.0
1 (0)
471
28
0
44
0
0
1
0
470
# 36
S
12
142
55
2
85
70.8
58.1
69.9
56.5
71.8
0
0
0
0
0
9
4
1
7.1
3
0
4
3
75.0
16
5.3
6
9
1
0
1
120.8
0 (0)
4
59
55
24
0
0
0
0
4
# 34
S
15
978
381
15
582
69.1
64.7
85.9
60.5
69.2
1
1
0
0
0
72
16
6
6.4
10
1
46
30
65.2
303
10.1
120
30
2
0
5
98.4
1 (0)
17
319
389
249
4
0
0
0
17
# 44
LB
3
96
51
2
43
64.1
54.6
82.8
56.6
70.3
0
0
0
0
0
12
2
0
0.0
3
0
8
6
75.0
64
10.7
27
16
0
0
2
97.9
0 (0)
9
80
1
6
0
0
0
0
9
# 21
CB
10
553
222
9
322
62.5
56.1
29.1
48.5
64.2
3
0
0
3
0
37
5
12
22.2
11
1
36
26
72.2
368
14.2
187
67
6
1
3
132.9
2 (0)
0
119
2
259
173
0
0
0
0
# 00
CB
12
722
273
0
449
60.8
61.2
51.2
-
60.7
0
0
0
0
0
27
12
8
17.0
9
1
59
40
67.8
425
10.6
129
31
4
0
9
111.2
6 (0)
0
129
0
1
592
0
0
0
0
# 91
DI
4
98
48
50
0
60.4
55.5
71.4
63.6
-
3
0
2
1
0
4
2
0
0.0
1
0
0
0
0
0
0
0
0
0.0
0 (0)
98
0
0
0
0
21
44
32
1
# 02
LB
8
521
178
31
312
60.1
52.4
41.9
80.6
59.8
7
0
1
6
1
45
16
12
16.4
21
1
40
30
75.0
269
9.0
146
26
1
1
2
90.5
1 (0)
8
487
0
26
0
0
0
0
8
# 54
ED
3
15
13
2
0
60.0
59.5
-
59.7
-
0
0
0
0
0
0
0
0
0
0
0
0
0
0
0
0
0
0.0
0 (0)
15
0
0
0
0
0
0
0
15
# 42
S
12
452
149
4
299
59.9
66.4
74.8
51.6
57.3
0
0
0
0
0
42
12
6
10.0
12
0
24
16
66.7
171
10.7
98
22
0
2
2
52.6
0 (0)
5
148
257
41
1
0
0
0
5
# 50
LB
12
564
266
32
266
56.1
55.3
36.3
55.3
57.9
5
1
0
4
0
41
23
15
19.0
20
1
34
25
73.5
255
10.2
196
22
1
0
3
104.4
0 (0)
4
544
1
15
0
0
0
0
4
# 13
CB
10
201
80
0
121
56.1
63.9
39.1
-
54.1
0
0
0
0
0
16
0
4
20.0
6
0
16
12
75.0
177
14.8
33
38
1
0
2
131.5
1 (0)
0
14
1
2
184
0
0
0
0
# 29
CB
15
679
276
1
402
55.6
35.4
34.5
58.5
61.2
0
0
0
0
0
38
9
12
20.3
13
0
54
34
63.0
410
12.1
123
32
3
3
5
81.6
6 (1)
2
88
2
2
585
0
0
0
2
# 03
S
16
1,042
420
39
583
52.4
76.6
47.4
83.8
35.7
8
1
1
6
2
85
32
24
17.0
29
0
44
34
77.3
341
10.0
112
47
4
1
2
119.6
2 (0)
23
526
305
187
1
0
0
0
23
# 26
CB
3
38
10
2
26
52.1
66.8
28.9
55.5
49.3
0
0
0
0
0
2
0
0
0.0
1
0
3
3
100.0
24
8.0
9
12
1
0
0
139.6
0 (0)
0
4
1
33
0
0
0
0
0
# 05
ED
15
519
207
198
114
51.6
58.8
27.3
64.0
42.7
27
2
3
22
0
22
13
14
28.6
13
0
15
14
93.3
94
6.7
99
11
0
1
0
65.0
5 (1)
470
12
0
37
0
0
0
0
470
# 30
S
9
150
75
2
73
51.1
69.2
52.5
56.4
46.1
0
0
0
0
0
12
3
3
16.7
3
0
6
5
83.3
79
15.8
36
39
1
0
0
158.3
0 (0)
1
68
36
45
0
0
0
0
1
# 27
LB
17
781
352
39
390
49.9
66.9
55.9
54.5
36.5
5
1
1
3
0
69
26
13
12.0
33
1
63
50
79.4
543
10.9
325
30
5
1
2
122.4
1 (1)
98
610
15
58
0
0
0
0
98
# 52
ED
17
504
241
236
27
49.0
51.4
71.9
51.0
52.7
16
1
0
15
2
9
9
1
5.3
7
0
2
2
100.0
40
20.0
18
33
0
0
0
118.8
1 (0)
504
0
0
0
0
0
7
31
466
# 09
ED
8
204
110
72
22
49.0
59.1
54.5
51.6
41.6
7
1
1
5
0
5
2
1
12.5
4
0
4
4
100.0
42
10.5
37
17
0
0
0
110.4
1 (0)
197
1
0
6
0
0
0
3
194
# 95
DI
3
36
17
19
0
46.5
47.2
70.7
54.5
60.0
1
0
1
0
0
2
1
0
0.0
2
0
0
0
0
0
0
0
0
0.0
0 (0)
36
0
0
0
0
0
6
26
4
# 16
CB
9
423
162
1
260
45.1
25.8
32.8
59.0
56.1
0
0
0
0
0
24
6
9
23.1
4
0
40
26
65.0
353
13.6
95
40
0
0
2
93.0
4 (0)
1
48
0
1
373
0
0
0
1
# 55
DI
17
548
259
289
0
44.9
45.3
27.5
55.4
60.0
13
0
2
11
1
29
9
11
22.4
18
0
0
0
0
0
0
0
0
0.0
3 (0)
548
0
0
0
0
9
262
218
59
# 94
DI
17
555
244
311
0
43.2
37.3
28.8
59.1
-
14
1
2
11
0
16
8
6
20.0
13
0
0
0
0
0
0
0
0
0.0
2 (0)
555
0
0
0
0
188
314
49
4
# 79
DI
15
300
181
119
0
41.3
43.0
70.9
54.9
60.0
3
0
0
3
1
20
12
2
5.9
7
0
0
0
0
0
0
0
0
0.0
2 (0)
300
0
0
0
0
183
117
0
0
# 92
DI
4
60
25
35
0
35.5
38.1
70.2
47.5
-
0
0
0
0
0
1
1
0
0.0
1
0
0
0
0
0
0
0
0
0.0
0 (0)
60
0
0
0
0
2
22
24
12
# 56
DI
15
507
247
260
0
30.1
30.1
52.9
44.3
60.0
10
1
1
8
0
28
15
6
12.2
15
0
0
0
0
0
0
0
0
0.0
2 (0)
507
1
0
0
0
3
151
230
122
