ARZ - Offense
Key
1
Trey McBride
2
Paris Johnson Jr.
3
Michael Wilson
4
Matt Haack
5
Kyler Murray
6
Michael Carter
7
Jacoby Brissett
8
Bam Knight
9
Hjalte Froholdt
10
Marvin Harrison Jr.
11
Hayden Conner
12
Demontrey Jacobs
12
James Conner
14
Trey Benson
14
Greg Dortch
16
Elijah Higgins
17
Jon Gaines II
18
Owen Pappoe
18
Zaven Collins
18
Akeem Davis-Gaither
18
Aaron Brewer
22
Jalen Brooks
23
Kedon Slovis
24
Darren Hall
25
Tejhaun Palmer
26
Dadrion Taylor-Demerson
27
Zay Jones
28
Pharaoh Brown
29
Isaiah Adams
30
Corey Kiner
31
Jonah Williams
32
Evan Brown
33
Emari Demercado
34
Josh Fryar
35
Trent Sherfield
36
Kelvin Beachum
37
Simi Fehoko
38
Josiah Deguara
39
Xavier Weaver
40
D'Ernest Johnson
41
Tip Reiman
42
Andre Baccellia
43
Will Hernandez
44
Travis Vokolek
45
Steven Sims
# 85
TE
17
1,033
737
12
0
284
81.7
84.8
34.4
-
54.1
5 (0)
# 70
T
12
807
0
565
0
242
76.6
-
77.1
-
72.9
7 (1)
# 14
WR
17
923
674
1
0
248
76.4
76.4
46.8
-
51.2
1 (0)
# 39
P
1
1
1
0
0
0
73.1
68.8
-
-
-
0 (0)
# 01
QB
5
318
211
0
12
95
72.2
69.5
-
71.4
60.0
4 (0)
# 22
HB
13
394
247
47
95
5
71.4
67.6
69.2
71.2
71.3
0 (0)
# 07
QB
14
812
581
0
16
215
71.1
69.1
-
68.9
60.8
3 (0)
# 20
HB
10
283
139
41
88
15
69.5
67.4
39.0
72.2
52.0
0 (0)
# 72
C
17
1,121
0
788
0
333
69.4
-
72.0
-
66.9
5 (2)
# 18
WR
12
566
412
0
0
154
68.4
67.6
-
-
59.9
0 (0)
# 58
G
3
29
0
18
0
11
65.8
-
68.9
-
62.9
0 (0)
# 66
T
4
65
0
37
0
28
63.7
-
49.0
-
69.6
0 (0)
# 06
HB
3
93
46
9
35
3
63.7
73.4
29.2
64.5
60.0
1 (1)
# 33
HB
4
124
77
7
30
10
62.3
62.7
57.0
62.1
57.9
0 (0)
# 04
WR
12
292
226
0
8
58
62.3
61.4
-
74.4
45.6
1 (0)
# 84
TE
17
476
317
8
0
151
61.5
62.7
41.0
-
58.3
4 (1)
# 71
G
13
339
0
234
0
105
60.3
-
53.9
-
66.6
3 (1)
# 44
LB
1
1
0
1
0
0
60.0
-
63.8
-
-
0 (0)
# 25
ED
1
1
0
1
0
0
60.0
-
62.7
-
-
0 (0)
# 27
LB
1
1
0
1
0
0
60.0
-
62.7
-
-
0 (0)
# 46
LS
1
1
0
1
0
0
60.0
-
61.5
-
-
0 (0)
# 86
WR
5
107
76
0
0
31
59.8
59.7
-
-
55.9
0 (0)
# 19
QB
2
5
2
0
0
3
58.8
58.7
-
-
60.0
0 (0)
# 30
S
1
1
1
0
0
0
58.7
58.2
-
-
-
0 (0)
# 83
WR
1
4
1
0
0
3
58.6
59.8
-
-
60.2
0 (0)
# 42
S
1
1
1
0
0
0
58.5
58.2
-
-
-
0 (0)
# 17
WR
8
270
190
0
0
80
58.1
57.7
-
-
67.5
1 (0)
# 49
TE
7
60
20
8
0
32
57.9
48.2
52.2
-
72.2
3 (0)
# 74
G
14
763
0
539
0
224
56.7
-
65.6
-
55.7
7 (1)
# 37
HB
4
30
15
3
12
0
56.0
33.1
12.8
62.0
72.4
0 (0)
# 73
T
9
592
0
391
0
201
55.4
-
53.5
-
56.9
5 (0)
# 63
G
11
770
0
539
0
231
54.3
-
60.2
-
49.0
4 (0)
# 31
HB
12
197
122
27
44
4
53.8
54.0
46.0
57.6
29.6
1 (1)
# 78
T
9
289
3
192
0
94
53.0
53.4
56.7
-
56.5
4 (0)
# 81
WR
2
23
15
0
0
8
52.8
53.0
-
-
60.3
0 (0)
# 68
T
15
667
0
451
0
216
51.6
78.3
54.6
-
49.0
7 (0)
# 80
WR
5
37
25
0
0
12
50.7
50.7
-
-
61.1
0 (0)
# 45
TE
11
84
59
2
0
23
50.1
53.5
68.3
-
43.0
0 (0)
# 89
WR
9
272
211
0
0
61
49.2
49.8
-
-
45.5
0 (0)
# 37
HB
1
14
9
4
1
0
47.4
55.4
15.6
59.7
-
0 (0)
# 87
TE
4
98
38
10
0
50
45.8
44.4
46.9
-
56.8
1 (0)
# 82
WR
4
92
72
0
0
20
45.6
46.2
-
-
51.5
0 (0)
# 76
G
7
396
0
268
0
128
45.3
-
47.1
-
47.1
2 (0)
# 81
TE
3
32
7
1
0
24
41.6
51.4
42.8
-
46.5
0 (0)
# 80
WR
3
12
4
0
0
8
40.0
41.2
-
-
58.8
0 (0)
