1
Chris Lindstrom
2
Drake London
3
Bijan Robinson
4
Jovaughn Gwyn
5
Feleipe Franks
6
Ryan Neuzil
7
Kirk Cousins
8
Kyle Pitts
9
Tyler Allgeier
10
Matthew Bergeron
11
Jake Matthews
12
Deven Thompkins
13
Elijah Wilkinson
14
Nate Carter
15
Jack Nelson
16
Jamal Agnew
17
Michael Penix Jr.
18
Casey Washington
19
Charlie Woerner
20
Ray-Ray McCloud III
21
Kyle Hinton
22
David Sills V
23
KhaDarel Hodge
24
Darnell Mooney
25
Teagan Quitoriano
26
Dylan Drummond
27
Chris Blair
28
Mike Jerrell
# 63
G
17
1,086
0
623
0
463
88.3
-
62.3
-
91.7
6 (1)
# 05
WR
12
709
417
4
0
288
88.0
89.9
75.3
-
54.9
3 (1)
# 07
HB
17
860
460
83
291
26
86.7
88.1
30.4
83.5
41.9
1 (0)
# 52
G
5
11
0
5
0
6
81.2
-
79.0
-
77.6
0 (0)
# 84
TE
7
15
0
0
2
13
80.1
-
-
70.6
60.9
0 (0)
# 64
C
17
1,096
0
627
0
469
77.4
-
59.3
-
82.1
4 (1)
# 18
QB
10
543
302
0
12
229
76.0
75.0
-
66.3
60.1
5 (0)
# 08
TE
17
961
573
23
0
365
73.6
82.0
81.3
-
43.0
7 (0)
# 25
HB
17
328
114
35
146
33
71.5
56.3
70.7
72.2
52.2
0 (0)
# 65
G
15
912
0
519
0
393
70.8
-
65.7
-
71.3
3 (0)
# 70
T
17
1,062
1
609
0
452
69.8
42.0
82.4
-
54.7
7 (0)
# 83
WR
4
22
9
0
1
12
66.6
66.6
-
62.8
43.8
1 (0)
# 71
T
17
1,096
0
627
0
469
62.9
-
61.0
-
68.3
12 (1)
# 38
HB
4
12
0
0
9
3
60.9
-
-
60.4
60.0
0 (0)
# 69
T
2
4
0
0
0
4
60.1
-
-
-
60.1
0 (0)
# 14
WR
1
1
0
0
0
1
60.0
-
-
-
60.0
0 (0)
# 09
QB
9
553
325
0
8
220
59.3
58.0
-
66.2
60.1
7 (0)
# 82
WR
7
181
109
0
0
72
58.5
57.2
-
-
65.9
0 (0)
# 89
TE
17
565
134
93
0
338
56.4
47.6
58.3
-
59.2
1 (1)
# 34
WR
4
139
87
1
0
51
54.5
58.1
65.1
-
38.0
1 (0)
# 68
G
5
185
0
108
0
77
53.9
-
71.0
-
50.1
1 (1)
# 87
WR
17
565
349
5
0
211
53.0
52.8
70.6
-
51.7
2 (0)
# 04
WR
10
73
41
0
0
32
52.6
55.8
-
-
38.4
0 (0)
# 01
WR
15
778
486
0
0
292
52.5
52.4
-
-
49.0
0 (0)
# 85
TE
15
133
8
15
0
110
49.0
50.1
79.8
-
52.6
1 (0)
# 81
WR
8
122
82
0
0
40
47.5
50.8
-
-
39.7
1 (0)
# 19
WR
2
12
6
0
0
6
45.1
55.2
-
-
58.4
1 (0)
# 72
T
1
32
0
17
0
15
24.2
-
10.0
-
29.1
0 (0)
