1
Ed Oliver
2
Greg Rousseau
3
Joey Bosa
4
DaQuan Jones
5
Baylon Spector
6
Cole Bishop
7
Jordan Hancock
8
Joe Andreessen
9
Andre Jones Jr.
10
Christian Benford
11
Sam Franklin Jr.
11
Jordan Poyer
13
Brandon Codrington
14
Shaq Thompson
15
Maxwell Hairston
16
Tre'Davious White
17
Dorian Strong
18
Dane Jackson
19
Keonta Jenkins
20
Landon Jackson
21
Taron Johnson
22
Alec Anderson
23
Michael Hoecht
24
A.J. Epenesa
25
Deone Walker
26
Cam Lewis
27
Dorian Williams
28
Zion Logue
29
Matthew Judon
30
Terrel Bernard
31
Larry Ogunjobi
32
Taylor Rapp
33
Matt Milano
34
Damar Hamlin
35
Javon Solomon
36
T.J. Sanders
37
Darnell Savage
38
Morgan Fox
39
Phidarian Mathis
40
Jordan Phillips
41
Ja'Marcus Ingram
# 91
DI
3
108
51
57
0
87.4
90.4
74.2
66.2
-
11
3
2
6
0
8
1
1
10.0
10
1
0
0
0
0
0
0
0
0.0
1 (0)
104
4
0
0
0
4
68
26
6
# 50
ED
16
631
237
368
26
86.4
83.0
70.2
77.2
57.9
55
8
15
32
2
29
7
4
10.0
26
1
2
1
50.0
14
14.0
0
14
0
0
0
72.9
1 (0)
629
1
0
0
0
0
3
16
610
# 97
ED
15
563
209
336
18
79.3
54.6
27.3
88.7
61.7
47
5
12
30
2
22
3
11
30.6
23
5
1
1
100.0
8
8.0
5
8
0
0
0
100.0
3 (1)
563
0
0
0
0
0
4
6
553
# 92
DI
12
424
159
265
0
75.5
63.1
65.1
74.7
62.6
21
3
6
12
0
15
3
1
5.3
13
1
0
0
0
0
0
1
0
0.0
0 (0)
423
0
0
0
0
77
287
43
16
# 54
LB
1
3
2
0
1
75.1
65.7
73.2
-
60.0
0
0
0
0
0
0
1
0
0.0
0
0
0
0
0
0
0
0
0
0.0
0 (0)
0
1
0
2
0
0
0
0
0
# 24
S
17
896
378
20
498
70.6
64.1
60.8
62.8
73.7
5
2
0
3
0
58
17
12
13.8
13
0
26
15
57.7
165
11.0
72
30
0
3
4
37.0
3 (0)
56
275
449
113
2
0
0
0
56
# 37
S
10
150
31
2
117
70.2
68.0
58.7
65.6
66.4
1
0
0
1
0
6
6
2
14.3
2
0
5
3
60.0
25
8.3
22
13
0
0
1
72.9
0 (0)
4
25
112
4
4
0
0
0
4
# 44
LB
9
96
50
5
41
68.1
74.6
34.1
75.2
52.4
2
0
2
0
0
11
3
4
22.2
5
0
5
4
80.0
18
4.5
5
13
0
0
0
81.7
0 (0)
3
88
0
4
0
0
0
0
3
# 75
ED
2
39
23
16
0
68.0
68.0
74.0
59.1
-
2
0
1
1
0
3
1
0
0.0
2
0
0
0
0
0
0
0
0
0.0
0 (0)
38
0
0
0
0
0
0
2
36
# 47
CB
14
798
326
10
462
67.8
89.5
70.1
98.1
55.0
2
2
0
0
0
35
6
4
8.9
15
0
49
29
59.2
339
11.7
70
40
5
2
1
97.2
3 (1)
16
44
1
3
733
0
0
0
16
# 28
S
2
7
3
1
3
67.7
61.8
73.3
60.0
64.3
0
0
0
0
0
1
0
0
0.0
0
0
0
0
0
0
0
0
0
0.0
0 (0)
0
3
1
2
0
0
0
0
0
# 21
S
10
428
216
4
208
67.7
70.5
62.1
71.7
62.1
1
1
0
0
0
43
18
8
11.6
10
0
13
9
69.2
91
10.1
65
20
1
1
2
82.5
1 (0)
21
266
115
26
0
0
0
0
21
# 29
CB
1
10
2
0
8
66.3
60.0
-
-
66.0
0
0
0
0
0
0
0
0
0
0
0
0
0
0
0
0
0
0.0
0 (0)
0
0
0
10
0
0
0
0
0
# 45
LB
11
417
183
26
208
64.8
57.2
37.1
58.5
69.2
5
1
1
3
0
36
16
13
20.0
16
1
30
24
80.0
169
7.0
124
17
1
0
2
101.3
0 (0)
53
333
1
28
2
0
0
0
53
# 31
CB
11
348
151
1
196
64.3
43.3
52.8
66.7
68.0
1
0
0
1
0
15
1
3
15.8
7
0
25
15
60.0
203
13.5
26
38
3
2
3
92.2
1 (1)
11
20
3
9
305
0
0
0
11
# 27
CB
16
700
299
4
397
63.9
50.5
34.1
60.1
66.2
1
0
0
1
1
35
0
10
22.2
18
0
41
20
48.8
233
11.7
42
32
2
1
5
72.5
4 (1)
17
54
8
8
613
0
0
0
17
# 43
CB
3
87
38
1
48
62.9
69.4
80.4
72.0
57.2
1
0
0
1
0
7
0
0
0.0
3
0
5
4
80.0
54
13.5
47
36
0
0
0
111.7
1 (0)
1
4
0
0
82
0
0
0
1
# 23
CB
1
3
2
0
1
62.0
60.0
-
-
60.0
0
0
0
0
0
0
0
0
0
0
0
0
0
0
0
0
0
0.0
0 (0)
0
1
0
0
2
0
0
0
0
# 49
LB
1
23
14
0
9
60.8
66.4
80.1
-
53.0
0
0
0
0
0
3
1
0
0.0
0
0
2
1
50.0
10
10.0
6
10
0
0
0
64.6
0 (0)
1
21
0
1
0
0
0
0
1
# 94
ED
3
30
17
12
1
60.5
64.6
-
52.0
60.0
0
0
0
0
0
0
0
0
0
0
0
0
0
0
0
0
0
0.0
0 (0)
30
0
0
0
0
0
0
2
28
# 07
CB
13
571
184
24
363
60.3
44.8
63.5
37.1
66.8
3
0
0
3
0
45
9
8
12.9
14
0
51
34
66.7
332
9.8
211
33
2
0
3
97.8
3 (0)
36
73
4
457
1
0
0
0
36
# 70
G
1
1
0
1
0
60.0
-
-
60.0
-
0
0
0
0
0
0
0
0
0
0
0
0
0
0
0
0
0
0.0
0 (0)
0
0
0
0
0
0
0
0
0
# 55
ED
2
64
18
44
2
59.2
43.2
39.2
71.6
62.2
8
3
0
5
1
1
1
1
33.3
2
1
0
0
0
0
0
0
0
0.0
1 (0)
57
7
0
0
0
0
0
0
57
# 57
ED
16
437
191
223
23
58.8
48.6
48.2
63.5
74.1
28
3
6
19
2
23
4
4
12.9
17
0
2
1
50.0
8
8.0
1
8
0
2
0
20.8
3 (0)
437
0
0
0
0
0
0
24
413
# 96
DI
17
464
232
231
1
57.5
49.2
51.7
71.5
56.5
16
2
2
12
4
25
12
4
9.8
20
0
0
0
0
0
0
0
0
0.0
1 (0)
463
0
0
0
0
114
342
7
0
# 39
S
17
373
107
17
249
57.4
65.7
43.2
58.0
54.5
4
0
0
4
0
26
5
7
18.4
13
1
39
24
61.5
229
9.5
133
37
1
0
3
86.4
3 (2)
21
143
70
135
4
0
0
0
21
# 42
LB
16
433
214
56
163
54.6
62.7
45.4
63.4
45.6
12
0
3
9
1
38
13
10
16.4
21
0
17
12
70.6
97
8.1
57
19
2
0
0
123.9
1 (0)
89
298
0
44
2
0
0
0
89
# 93
DI
3
59
21
37
1
53.6
46.2
69.6
58.4
62.5
1
1
0
0
1
1
0
0
0.0
1
0
1
0
0.0
0
0
0
0
0
39.6
0 (0)
59
0
0
0
0
6
50
3
0
# 36
ED
1
31
13
17
1
52.3
65.3
42.9
43.7
62.4
1
0
0
1
0
0
0
1
100.0
0
0
0
0
0
0
0
0
0
0.0
0 (0)
31
0
0
0
0
0
0
1
30
# 08
LB
12
623
264
49
310
48.8
57.1
34.3
52.4
46.7
9
0
2
7
0
51
13
14
17.9
25
0
41
30
73.2
378
12.6
158
29
1
1
2
99.4
1 (0)
32
550
6
32
2
0
0
0
32
# 99
DI
10
215
109
106
0
46.7
53.2
29.3
47.3
59.0
5
0
0
5
0
18
5
5
17.9
16
0
0
0
0
0
0
0
0
0.0
1 (1)
215
0
0
0
0
3
200
12
0
# 09
S
6
343
144
0
199
44.6
45.4
36.5
-
47.3
1
0
0
1
0
19
5
8
25.0
3
0
10
8
80.0
112
14.0
42
39
0
0
0
113.3
0 (0)
12
132
169
27
3
0
0
0
12
# 58
LB
12
492
250
38
204
43.7
46.2
58.3
70.0
47.9
10
3
3
4
0
42
18
9
13.0
29
1
42
33
78.6
254
7.7
190
28
1
0
0
99.8
4 (1)
39
409
1
36
7
0
0
0
39
# 03
S
1
12
2
1
9
42.8
60.0
-
56.8
47.5
1
0
0
1
0
0
0
0
0
0
1
0
0.0
0
0
0
0
0
39.6
0 (0)
0
5
6
1
0
0
0
0
0
# 56
ED
15
195
68
119
8
42.7
46.5
78.3
51.8
65.2
8
1
1
6
0
5
2
0
0.0
6
0
0
0
0
0
0
0
0
0.0
2 (0)
154
41
0
0
0
0
2
6
146
# 98
DI
12
296
130
164
2
39.9
41.7
63.0
51.3
58.8
13
1
1
11
1
10
3
1
7.1
7
0
1
0
0.0
0
0
0
0
0
39.6
2 (1)
294
2
0
0
0
5
153
70
66
# 25
S
2
47
22
0
25
36.4
46.3
75.8
-
42.7
0
0
0
0
0
0
2
0
0.0
0
0
4
3
75.0
22
7.3
11
11
0
0
1
87.5
0 (0)
4
22
15
6
0
0
0
0
4
# 51
DI
1
11
6
5
0
36.1
42.7
20.9
55.4
-
0
0
0
0
0
0
0
1
100.0
0
0
0
0
0
0
0
0
0
0.0
0 (0)
11
0
0
0
0
0
0
0
11
# 72
DI
6
120
73
47
0
35.4
35.0
27.0
53.2
-
1
0
1
0
0
6
8
4
22.2
3
0
0
0
0
0
0
0
0
0.0
0 (0)
120
0
0
0
0
17
103
0
0
# 52
DI
11
202
102
99
1
35.0
29.4
72.6
62.9
60.1
5
1
0
4
1
6
1
0
0.0
4
0
0
0
0
0
0
0
0
0.0
1 (0)
202
0
0
0
0
6
170
26
0
# 46
CB
5
63
13
1
49
29.8
29.8
50.3
58.3
34.2
0
0
0
0
0
4
1
1
16.7
2
0
6
6
100.0
105
17.5
58
39
0
0
0
118.8
0 (0)
6
8
1
30
18
0
0
0
6
