1
James Mitchell
1
Taylor Moton
3
Tetairoa McMillan
4
Damien Lewis
5
Jalen Coker
5
Brady Christensen
7
Ikem Ekwonu
8
Bryce Young
9
Yosh Nijman
10
Trevor Etienne
10
Mitchell Evans
12
Brandon Walton
13
Austin Corbett
14
Chuba Hubbard
15
Jimmy Horn Jr.
16
Robert Hunt
17
Rico Dowdle
18
Brycen Tremayne
19
Cade Mays
20
Jake Curhan
21
Tommy Tremble
22
Dan Chisena
23
Hunter Renfrow
24
Andy Dalton
25
Dalevon Campbell
26
Xavier Legette
27
David Moore
28
Ja'Tavion Sanders
29
Chandler Zavala
30
DeeJay Dallas
# 85
TE
5
46
13
3
0
30
80.5
75.7
73.3
-
68.2
0 (0)
# 72
T
15
901
0
558
0
343
80.5
-
76.5
-
81.8
5 (0)
# 04
WR
17
924
588
0
0
336
78.7
78.7
-
-
57.2
1 (0)
# 68
G
16
987
0
591
0
396
75.7
-
78.5
-
73.1
6 (1)
# 18
WR
11
439
304
1
0
134
72.5
72.5
62.3
-
55.9
1 (0)
# 70
G
5
285
0
152
0
133
72.5
-
74.7
-
69.8
1 (0)
# 79
T
15
942
0
550
0
392
70.6
-
67.3
-
70.5
7 (2)
# 09
QB
16
963
579
0
20
364
70.5
68.2
-
69.8
60.2
6 (1)
# 77
T
7
278
0
150
0
128
70.3
-
47.0
-
86.1
1 (0)
# 23
HB
14
63
21
1
19
22
69.7
54.4
69.2
73.1
62.3
0 (0)
# 84
TE
17
392
139
24
1
228
69.7
66.8
65.2
62.6
69.5
3 (0)
# 73
G
2
24
0
15
0
9
68.3
-
22.8
-
78.6
1 (0)
# 63
G
12
673
0
405
0
268
67.8
-
62.7
-
66.8
1 (0)
# 30
HB
15
432
233
47
138
14
67.5
59.5
46.8
70.8
57.4
0 (0)
# 15
WR
13
148
87
0
7
54
65.2
64.5
-
64.1
57.6
0 (0)
# 50
G
2
126
0
86
0
40
64.7
-
64.7
-
61.6
0 (0)
# 05
HB
17
590
271
52
239
28
64.4
55.9
24.6
71.5
43.2
3 (0)
# 87
WR
16
263
122
1
0
140
62.5
62.3
61.6
-
58.2
0 (0)
# 64
C
13
726
0
429
0
297
62.4
-
69.4
-
58.4
2 (0)
# 74
G
6
158
0
76
0
82
62.3
-
56.0
-
61.6
0 (0)
# 82
TE
17
636
293
31
0
312
61.6
54.2
59.5
-
72.4
3 (0)
# 88
WR
1
4
0
0
0
4
57.3
-
-
-
54.3
0 (0)
# 13
WR
6
210
165
0
0
45
56.9
57.6
-
-
55.2
1 (1)
# 14
QB
4
97
50
0
4
43
55.0
59.6
-
35.1
60.3
0 (0)
# 81
WR
1
9
6
0
0
3
53.8
54.5
-
-
60.0
0 (0)
# 17
WR
15
642
428
0
1
213
52.6
54.7
-
56.6
48.3
9 (2)
# 83
WR
4
81
41
1
1
38
51.8
49.5
65.4
63.1
54.5
0 (0)
# 00
TE
13
393
242
18
0
133
51.6
50.2
75.2
-
58.8
1 (0)
# 62
G
6
212
0
135
0
77
43.4
-
32.0
-
54.7
3 (0)
# 20
HB
2
16
8
3
1
4
42.0
52.2
17.7
56.5
60.0
0 (0)
