1
D'Marco Jackson
2
Jaylon Jones
3
Kevin Byard
4
Elijah Hicks
5
T.J. Edwards
6
Montez Sweat
7
Joe Tryon-Shoyinka
8
Tremaine Edmunds
9
Nahshon Wright
10
Josh Blackwell
11
Tyrique Stevenson
12
Austin Booker
13
Jaquan Brisker
14
Chris Williams
14
Kyler Gordon
16
Jaylon Johnson
17
Gervon Dexter Sr.
18
Grady Jarrett
19
Amen Ogbongbemiga
20
Dominique Robinson
21
Dayo Odeyingbo
22
Tanoh Kpassagnon
23
C.J. Gardner-Johnson
24
Nick McCloud
25
Jonathan Owens
26
Ruben Hyppolite II
27
Noah Sewell
28
Andrew Billings
29
Jonathan Ford
30
Shemar Turner
31
Daniel Hardy
# 48
LB
11
260
111
21
128
83.8
60.3
69.3
52.8
90.7
2
1
0
1
0
24
8
3
8.6
11
0
11
7
63.6
23
3.3
12
7
0
1
1
29.7
0 (0)
17
219
4
18
2
0
0
0
17
# 33
CB
2
39
19
0
20
74.5
66.6
78.6
-
74.4
0
0
0
0
0
4
0
0
0.0
0
1
2
2
100.0
9
4.5
1
6
0
0
0
85.4
0 (0)
0
0
0
5
34
0
0
0
0
# 31
S
17
1,070
434
12
624
74.2
76.4
72.3
49.1
72.5
1
0
0
1
0
68
25
11
10.6
17
0
34
24
70.6
282
11.8
93
31
3
7
1
85.3
0 (0)
21
188
792
64
5
0
0
0
21
# 22
S
9
62
4
9
49
73.1
67.4
83.2
49.6
73.0
0
0
0
0
0
5
2
0
0.0
2
0
3
3
100.0
24
8.0
5
10
0
0
0
100.0
0 (0)
17
17
21
7
0
0
0
0
17
# 53
LB
10
568
232
36
300
71.8
70.1
75.8
60.7
68.6
7
1
1
5
1
46
18
4
5.9
24
0
35
27
77.1
308
11.4
152
42
3
1
3
119.7
0 (0)
8
530
0
28
2
0
0
0
8
# 98
ED
17
779
299
460
20
71.2
62.3
59.6
71.7
52.3
54
11
6
37
4
35
7
6
12.5
37
3
4
3
75.0
33
11.0
10
13
0
0
0
99.0
1 (0)
779
0
0
0
0
0
1
32
746
# 93
ED
7
111
52
58
1
69.7
67.2
77.0
63.6
60.0
5
0
1
4
0
6
3
0
0.0
5
0
0
0
0
0
0
0
0
0.0
0 (0)
111
0
0
0
0
0
1
0
110
# 49
LB
13
813
329
68
416
66.5
80.7
72.1
60.0
52.1
10
2
2
6
2
85
29
10
8.1
42
0
64
51
79.7
475
9.3
232
33
3
4
2
87.2
1 (0)
81
650
3
70
9
0
0
0
81
# 26
CB
17
1,040
422
1
617
65.1
72.6
59.9
60.0
63.4
1
0
1
0
0
65
11
11
12.6
24
2
83
53
63.9
725
13.7
200
44
7
5
6
94.7
7 (2)
20
54
0
29
937
0
0
0
20
# 39
CB
2
3
1
0
2
64.7
60.0
73.0
-
63.9
0
0
0
0
0
1
0
0
0.0
0
0
0
0
0
0
0
0
0
0.0
0 (0)
0
0
0
2
1
0
0
0
0
# 29
CB
13
588
232
0
356
64.4
85.5
58.4
-
59.6
0
0
0
0
0
41
6
8
14.5
11
2
59
37
62.7
578
15.6
216
57
1
1
8
93.8
5 (3)
2
37
0
28
521
0
0
0
2
# 94
ED
10
520
192
323
5
61.9
58.0
52.4
66.4
76.4
29
5
8
16
3
21
8
4
12.1
16
1
0
0
0
0
0
0
0
0.0
5 (1)
517
2
0
1
0
0
7
9
501
# 09
S
17
1,071
436
63
572
60.5
73.7
79.1
73.2
51.2
11
1
2
8
2
70
26
7
6.8
21
0
41
31
75.6
302
9.7
103
45
4
1
4
118.1
4 (1)
142
370
441
96
22
0
0
0
142
# 91
DI
14
219
92
127
0
59.2
56.1
43.1
54.2
67.1
8
0
1
7
0
7
3
2
16.7
1
0
0
0
0
0
0
0
0
0.0
0 (0)
219
0
0
0
0
9
143
41
26
# 06
CB
3
117
26
15
76
59.2
78.3
81.4
57.3
62.0
1
1
0
0
0
4
2
0
0.0
4
0
10
9
90.0
94
10.4
18
22
1
0
0
139.2
2 (1)
18
14
0
76
9
0
0
0
18
# 01
CB
7
282
120
1
161
58.7
58.7
59.4
60.0
58.2
0
0
0
0
0
16
1
3
15.0
3
0
19
13
68.4
223
17.2
112
47
0
1
2
86.1
1 (1)
5
12
0
16
249
0
0
0
5
# 99
DI
17
664
266
395
3
57.6
43.8
29.7
72.7
61.4
38
7
6
25
0
28
11
7
15.2
20
0
0
0
0
0
0
0
0
0.0
3 (1)
664
0
0
0
0
42
524
92
6
# 50
DI
14
610
207
402
1
56.7
44.5
71.0
64.6
65.5
21
3
6
12
3
27
8
3
7.9
15
0
0
0
0
0
0
0
0
0.0
2 (0)
610
0
0
0
0
44
494
63
9
# 45
LB
3
82
44
8
30
55.7
70.2
55.1
49.4
44.6
0
0
0
0
0
10
5
1
6.3
4
0
5
4
80.0
31
7.8
17
13
0
0
1
92.5
0 (0)
2
70
0
9
1
0
0
0
2
# 90
ED
11
215
90
118
7
55.3
55.9
51.9
57.6
46.5
12
2
1
9
0
12
5
3
15.0
9
0
2
2
100.0
41
20.5
31
28
0
0
0
118.8
0 (0)
214
1
0
0
0
0
1
12
201
# 55
ED
8
369
151
207
11
53.5
53.2
69.1
57.0
51.7
10
1
2
7
0
12
5
1
5.6
12
0
2
2
100.0
27
13.5
12
21
0
0
0
118.8
2 (0)
368
1
0
0
0
0
21
41
306
# 69
ED
4
89
44
44
1
51.1
51.8
72.8
52.2
60.3
2
1
1
0
0
3
0
0
0.0
2
0
0
0
0
0
0
0
0
0.0
0 (0)
89
0
0
0
0
9
3
6
71
# 35
S
10
565
217
37
311
50.1
61.2
43.5
61.4
45.4
6
3
2
1
0
37
7
10
18.5
16
1
47
33
70.2
309
9.4
155
41
3
2
2
91.5
3 (2)
45
166
2
340
12
0
0
0
45
# 24
CB
13
436
166
8
262
49.9
44.4
61.9
49.1
51.8
1
0
0
1
0
20
5
3
10.7
7
0
31
25
80.6
315
12.6
133
64
4
0
2
148.6
3 (0)
26
54
6
192
158
0
0
0
26
# 36
S
10
47
5
8
34
48.6
60.6
77.8
51.3
50.4
0
0
0
0
0
3
0
0
0.0
0
0
4
4
100.0
44
11.0
24
15
0
0
0
112.5
1 (1)
16
5
17
8
1
0
0
0
16
# 47
LB
4
31
19
2
10
46.2
51.8
76.2
58.1
51.3
0
0
0
0
0
2
1
0
0.0
2
0
0
0
0
0
0
0
0
0.0
0 (0)
2
28
0
1
0
0
0
0
2
# 44
LB
12
408
182
32
194
41.9
70.4
30.6
42.4
29.3
3
0
0
3
0
42
13
15
21.4
20
1
28
23
82.1
209
9.1
151
41
3
0
0
133.5
2 (0)
70
322
0
16
0
0
0
1
69
# 97
DI
17
510
286
224
0
38.7
39.2
47.2
57.1
62.3
12
1
3
8
0
22
5
3
10.0
19
0
0
0
0
0
0
0
0
0.0
5 (0)
510
0
0
0
0
137
366
7
0
# 96
DI
8
96
56
40
0
37.0
40.7
24.0
53.9
60.0
1
0
0
1
0
1
3
2
33.3
1
0
0
0
0
0
0
0
0
0.0
1 (0)
96
0
0
0
0
12
82
2
0
# 95
ED
5
74
38
34
2
34.4
30.9
27.4
51.4
62.0
0
0
0
0
0
5
0
2
28.6
2
0
0
0
0
0
0
0
0
0.0
0 (0)
74
0
0
0
0
0
33
6
35
# 92
ED
8
54
24
25
5
29.0
30.5
23.5
56.3
29.8
2
0
1
1
0
3
0
2
40.0
1
0
2
2
100.0
15
7.5
25
13
0
0
0
97.9
1 (1)
51
3
0
0
0
0
0
2
49
