1
Joe Burrow
2
Ja'Marr Chase
3
Tee Higgins
4
Chase Brown
5
Joe Flacco
6
Tanner Hudson
7
Mike Gesicki
8
Dalton Risner
9
Amarius Mims
10
Samaje Perine
11
Lucas Patrick
12
Ted Karras
13
Orlando Brown Jr.
14
Brett Rypien
15
Dylan Fairchild
16
Ke'Shawn Williams
17
Mitchell Tinsley
18
Noah Fant
19
Cody Ford
20
Drew Sample
21
Andrei Iosivas
22
Jake Browning
23
Tahj Brooks
24
Kendall Milton
25
Charlie Jones
26
Cam Grandy
27
Jalen Rivers
# 09
QB
8
478
303
0
5
170
91.8
91.3
-
59.0
60.0
4 (0)
# 01
WR
16
987
669
0
2
316
90.1
90.1
-
59.5
65.6
2 (2)
# 05
WR
15
768
553
1
0
214
80.1
80.2
67.5
-
49.0
1 (1)
# 30
HB
17
737
420
56
241
20
75.1
71.9
27.7
77.2
56.1
1 (0)
# 16
QB
9
417
279
0
13
125
73.8
71.8
-
78.5
60.4
4 (0)
# 87
TE
13
148
115
1
0
32
73.1
73.6
64.9
-
58.1
0 (0)
# 88
TE
13
321
267
1
0
53
70.8
71.7
26.0
-
51.0
1 (0)
# 66
G
14
767
0
503
0
264
69.4
-
71.5
-
69.0
4 (0)
# 71
T
17
1,050
0
694
0
356
67.6
-
66.6
-
64.8
4 (1)
# 34
HB
15
346
193
48
85
20
66.6
60.3
39.1
71.3
57.7
0 (0)
# 62
G
5
23
0
8
0
15
63.9
-
65.9
-
62.0
0 (0)
# 64
C
17
1,110
0
733
0
377
63.1
-
70.7
-
59.4
6 (0)
# 75
T
17
1,110
0
733
0
377
60.3
-
62.0
-
59.8
10 (0)
# 11
QB
1
3
1
0
0
2
59.2
60.0
-
-
60.0
0 (0)
# 63
G
15
961
0
629
0
332
59.1
-
67.5
-
54.3
6 (0)
# 12
WR
3
14
6
0
2
6
56.6
56.0
-
60.1
60.3
0 (0)
# 82
WR
17
287
156
2
0
129
56.5
56.7
67.6
-
52.2
1 (0)
# 86
TE
15
379
226
8
0
145
56.4
56.6
32.0
-
58.9
3 (0)
# 61
T
7
73
1
43
0
29
55.8
78.5
53.0
-
41.7
0 (0)
# 89
TE
17
593
236
74
0
283
53.9
45.9
67.8
-
57.3
2 (1)
# 80
WR
17
851
581
3
3
264
53.7
53.8
74.8
46.6
53.4
1 (0)
# 06
QB
5
212
150
0
7
55
51.9
51.5
-
62.2
60.0
3 (1)
# 25
HB
7
47
20
3
16
8
48.7
59.6
2.9
56.8
60.0
0 (0)
# 36
HB
1
4
0
0
3
1
47.7
-
-
51.3
60.0
0 (0)
# 15
WR
5
20
12
0
0
8
47.6
53.2
-
-
34.6
0 (0)
# 85
TE
5
28
5
2
0
21
38.8
28.2
77.0
-
61.0
0 (0)
# 74
G
11
476
0
328
0
148
31.0
-
23.8
-
34.8
1 (0)
