1
Joe Giles-Harris
2
Trey Hendrickson
3
Bralyn Lux
4
PJ Jules
4
DJ Turner II
6
DJ Ivey
7
B.J. Hill
8
Jalen Davis
9
Dax Hill
10
Myles Murphy
11
Joseph Ossai
12
McKinnley Jackson
13
Jordan Battle
14
Mike Pennel
15
Josh Newton
16
Cam Taylor-Britt
17
Isaiah Foskey
18
Shaka Heyward
19
Logan Wilson
20
Geno Stone
21
Cam Sample
22
Kris Jenkins
23
Daijahn Anthony
24
Tycen Anderson
25
Howard Cross III
26
Cedric Johnson
27
T.J. Slaton
28
Shemar Stewart
29
Demetrius Knight Jr.
30
Barrett Carter
31
Marco Wilson
32
Oren Burks
33
Jordan Jefferson
# 43
LB
6
32
10
0
22
86.7
60.7
80.0
-
89.8
0
0
0
0
0
6
1
0
0.0
4
0
7
4
57.1
27
6.8
19
9
0
0
2
65.8
0 (0)
0
29
0
3
0
0
0
0
0
# 91
ED
7
285
95
177
13
82.8
56.7
68.3
90.0
67.1
23
4
5
14
0
9
3
1
7.7
11
1
0
0
0
0
0
0
0
0.0
2 (0)
285
0
0
0
0
0
0
8
277
# 21
CB
2
19
5
0
14
73.7
74.0
77.8
-
69.2
0
0
0
0
0
2
1
0
0.0
1
0
2
2
100.0
9
4.5
3
5
0
0
0
85.4
0 (0)
0
0
0
18
1
0
0
0
0
# 37
S
1
8
6
0
2
73.3
69.8
76.4
-
61.0
0
0
0
0
0
1
1
0
0.0
0
0
0
0
0
0
0
0
0
0.0
0 (0)
0
4
4
0
0
0
0
0
0
# 20
CB
17
974
394
0
580
73.3
37.8
60.5
-
78.1
0
0
0
0
0
33
7
5
11.1
5
2
62
29
46.8
419
14.4
102
39
4
2
13
77.3
3 (1)
0
34
0
40
900
0
0
0
0
# 38
CB
12
115
25
1
89
69.3
46.1
64.0
58.4
71.6
0
0
0
0
0
9
1
1
9.1
3
0
16
10
62.5
113
11.3
55
20
0
0
3
83.6
0 (0)
4
12
11
28
60
0
0
0
4
# 92
DI
17
670
316
354
0
68.7
68.0
68.9
63.7
60.7
29
5
6
18
0
43
19
3
4.6
35
0
0
0
0
0
0
0
0
0.0
2 (0)
670
0
0
0
0
11
520
108
31
# 35
CB
7
270
83
9
178
65.5
52.7
47.8
85.4
65.1
2
1
1
0
0
16
2
5
21.7
9
1
18
13
72.2
152
11.7
83
23
0
1
1
74.3
1 (0)
2
59
0
184
25
0
0
0
2
# 23
CB
17
1,012
401
21
590
64.9
60.0
63.0
50.4
67.7
1
0
0
1
1
70
14
10
10.6
23
0
85
57
67.1
536
9.4
290
40
4
1
6
95.0
6 (2)
19
209
9
366
409
0
0
0
19
# 99
ED
17
682
279
392
11
64.1
64.6
57.1
63.6
53.8
41
6
4
31
2
36
6
6
12.5
29
0
1
1
100.0
9
9.0
3
9
0
0
0
104.2
3 (1)
677
5
0
0
0
0
14
38
625
# 58
ED
14
616
207
375
34
64.0
70.7
47.1
62.5
57.4
43
5
9
29
0
26
17
8
15.7
21
2
7
7
100.0
63
9.0
35
16
1
0
0
143.8
5 (2)
610
3
0
3
0
0
21
87
502
# 93
DI
9
129
60
68
1
62.1
63.8
72.5
55.4
60.0
2
0
0
2
0
4
2
0
0.0
1
0
0
0
0
0
0
0
0
0.0
0 (0)
129
0
0
0
0
42
80
7
0
# 27
S
17
1,047
426
21
600
61.6
72.4
59.1
59.4
54.5
2
0
0
2
0
76
31
17
13.7
20
2
38
24
63.2
402
16.8
245
58
3
4
2
85.5
0 (0)
21
329
617
63
17
0
0
0
21
# 69
DI
8
133
72
61
0
61.3
60.1
59.3
53.9
68.5
2
0
0
2
0
6
8
1
6.7
3
0
0
0
0
0
0
0
0
0.0
0 (0)
133
0
0
0
0
42
91
0
0
# 28
CB
14
275
94
0
181
58.4
35.6
26.9
-
62.8
0
0
0
0
0
10
1
7
38.9
3
0
23
12
52.2
106
8.8
65
23
1
0
3
79.3
0 (0)
0
27
1
49
198
0
0
0
0
# 29
CB
8
348
123
5
220
57.6
56.2
38.8
63.8
57.0
1
0
1
0
0
15
6
5
19.2
7
0
21
14
66.7
183
13.1
64
35
3
0
3
133.5
5 (1)
1
35
0
18
294
0
0
0
1
# 51
ED
3
34
12
21
1
56.0
45.1
24.0
76.5
48.8
3
0
1
2
0
0
1
2
66.7
0
0
0
0
0
0
0
0
0
0.0
0 (0)
34
0
0
0
0
0
0
0
34
# 50
LB
4
36
16
4
16
55.1
45.0
77.3
55.1
69.1
1
0
1
0
0
2
2
0
0.0
1
0
1
0
0.0
0
0
0
0
0
39.6
0 (0)
7
28
0
1
0
0
0
0
7
# 55
LB
8
362
155
10
197
54.8
58.1
63.9
87.2
48.8
3
0
0
3
1
31
12
5
10.4
6
0
25
19
76.0
202
10.6
137
22
2
0
2
125.8
0 (0)
8
329
1
23
1
0
0
0
8
# 22
S
17
1,014
407
28
579
54.3
53.8
33.3
72.8
50.7
11
2
2
7
0
79
21
23
18.7
25
0
31
22
71.0
319
14.5
219
68
3
2
1
109.5
0 (0)
30
272
625
72
15
0
0
0
30
# 96
ED
14
234
101
127
6
54.0
56.4
61.0
53.9
53.8
12
2
4
6
0
14
2
2
11.1
13
1
3
2
66.7
22
11.0
21
14
1
0
0
127.8
0 (0)
232
2
0
0
0
4
13
40
175
# 90
DI
14
498
196
298
4
53.4
58.6
46.4
50.0
59.8
18
2
1
15
0
23
12
5
12.5
18
0
0
0
0
0
0
0
0
0.0
1 (0)
498
0
0
0
0
21
378
88
11
# 33
S
2
32
10
0
22
53.1
65.8
80.9
-
50.7
0
0
0
0
0
2
1
0
0.0
0
0
0
0
0
0
0
0
0
0.0
0 (0)
1
6
20
5
0
0
0
0
1
# 26
S
7
64
27
0
37
50.8
52.8
82.3
-
53.4
0
0
0
0
0
5
1
0
0.0
1
0
2
2
100.0
32
16.0
9
18
1
0
0
158.3
0 (0)
1
18
36
8
1
0
0
0
1
# 95
DI
4
50
21
29
0
48.1
48.4
70.1
54.8
-
1
0
0
1
0
3
1
0
0.0
1
0
0
0
0
0
0
0
0
0.0
0 (0)
50
0
0
0
0
0
50
0
0
# 52
ED
9
207
60
142
5
46.1
59.8
29.2
47.7
49.6
18
2
4
12
0
6
4
5
33.3
3
0
2
2
100.0
40
20.0
35
30
1
0
0
158.3
1 (0)
205
1
0
1
0
0
13
9
183
# 98
DI
17
582
304
278
0
44.1
41.2
58.1
57.9
60.0
19
3
4
12
0
35
16
4
7.3
20
0
0
0
0
0
0
0
0
0.0
1 (1)
582
0
0
0
0
155
409
13
5
# 97
ED
8
280
98
181
1
41.2
29.3
29.7
56.0
61.0
13
1
2
10
0
7
2
3
25.0
5
0
0
0
0
0
0
0
0
0.0
0 (0)
280
0
0
0
0
4
57
40
179
# 44
LB
17
798
325
51
422
40.4
34.8
47.3
63.3
45.2
11
4
2
5
1
70
22
16
14.8
29
0
62
48
77.4
531
11.1
406
39
5
2
3
115.7
2 (1)
200
539
0
57
2
0
0
0
200
# 49
LB
16
792
337
38
417
39.5
50.0
45.0
48.0
35.5
9
0
1
8
0
70
34
18
14.8
31
0
68
59
86.8
733
12.4
481
44
2
1
3
115.3
0 (0)
52
675
0
61
4
0
0
0
52
# 24
CB
4
22
7
0
15
39.0
60.3
29.5
-
36.4
0
0
0
0
0
2
0
1
33.3
1
0
2
2
100.0
37
18.5
5
28
0
0
0
118.8
0 (0)
0
1
0
3
18
0
0
0
0
# 42
LB
16
340
190
10
140
30.3
50.5
27.3
73.2
28.1
4
0
0
4
1
23
11
11
24.4
11
1
22
19
86.4
240
12.6
201
30
2
0
0
142.4
1 (0)
56
265
0
18
1
0
0
0
56
# 94
DI
1
13
7
6
0
26.8
31.9
-
57.3
-
0
0
0
0
0
0
0
0
0
0
0
0
0
0
0
0
0
0.0
1 (0)
13
0
0
0
0
1
12
0
0
