1
Teven Jenkins
2
Raheim Sanders
3
Joel Bitonio
4
Malachi Corley
5
Harold Fannin Jr.
6
Garrett Dellinger
7
Quinshon Judkins
8
Dylan Sampson
9
Ethan Pocic
10
Wyatt Teller
11
Trayveon Williams
12
Kaden Davis
12
Andre Szmyt
12
Rex Sunahara
12
Corey Bojorquez
16
Joe Flacco
17
Jerry Jeudy
18
Jamari Thrash
19
Jack Conklin
20
Isaiah Bond
21
Easton Mascarenas-Arnold
22
David Njoku
23
Cedric Tillman
24
Jerome Ford
25
KT Leveston
26
Adin Huntington
27
Sal Cannella
28
Gage Larvadain
29
Zak Zinter
30
Dillon Gabriel
31
Brenden Bates
32
Luke Wypler
33
Cam Robinson
34
Blake Whiteheart
35
Shedeur Sanders
36
Cornelius Lucas
37
Dawand Jones
# 74
G
16
323
0
186
0
137
77.8
-
60.8
-
79.1
0 (0)
# 35
HB
4
59
20
4
28
7
73.6
74.0
77.5
69.9
59.7
0 (0)
# 75
G
17
1,081
0
686
0
395
70.8
-
75.8
-
64.4
1 (0)
# 83
WR
13
194
82
0
12
100
70.3
65.1
-
78.5
61.0
0 (0)
# 44
TE
16
786
465
28
6
287
67.9
76.4
54.1
37.1
49.8
6 (0)
# 52
G
1
29
0
23
0
6
67.0
-
73.3
-
62.2
0 (0)
# 10
HB
14
451
170
25
240
16
66.6
64.2
19.1
68.7
69.3
0 (0)
# 22
HB
15
250
155
18
63
14
65.8
80.6
23.0
61.1
31.2
1 (1)
# 55
C
13
826
0
518
0
308
63.8
-
62.3
-
63.2
2 (0)
# 77
G
13
765
0
488
0
277
62.3
-
53.1
-
65.7
4 (0)
# 38
HB
4
62
44
10
7
1
61.4
64.1
52.7
60.1
60.0
0 (0)
# 89
WR
1
1
0
0
0
1
60.0
-
-
-
60.0
0 (0)
# 25
K
1
1
1
0
0
0
60.0
60.0
-
-
-
0 (0)
# 50
LS
1
1
0
1
0
0
60.0
-
50.1
-
-
0 (0)
# 13
P
1
1
1
0
0
0
60.0
60.0
-
-
-
0 (0)
# 16
QB
4
272
187
0
4
81
59.9
60.3
-
65.6
60.2
4 (1)
# 03
WR
17
921
628
0
1
292
58.5
57.9
-
63.1
62.0
3 (1)
# 80
WR
9
216
147
0
0
69
57.5
57.7
-
-
51.3
0 (0)
# 78
T
8
383
0
224
0
159
57.4
-
44.8
-
67.1
3 (0)
# 16
WR
16
494
367
0
5
122
57.1
57.3
-
61.8
49.3
1 (1)
# 42
LB
2
2
1
0
0
1
56.8
57.7
-
-
60.0
0 (0)
# 85
TE
12
515
296
38
0
181
55.9
61.6
47.7
-
43.1
0 (0)
# 19
WR
13
515
335
0
0
180
55.8
57.4
-
-
42.9
2 (0)
# 34
HB
13
269
179
65
24
1
55.4
49.4
52.9
59.5
60.0
0 (0)
# 72
T
13
653
1
413
0
239
54.3
59.9
43.3
-
67.7
10 (1)
# 98
DI
10
25
1
4
0
20
51.8
60.0
51.0
-
63.5
1 (1)
# 87
TE
2
29
21
1
0
7
51.3
51.8
71.6
-
54.1
0 (0)
# 84
WR
13
186
137
0
0
49
50.6
52.3
-
57.9
49.8
2 (1)
# 70
G
4
46
0
24
0
22
49.1
-
53.8
-
48.5
0 (0)
# 08
QB
10
372
233
0
3
136
49.0
49.6
-
58.8
60.0
5 (0)
# 82
TE
6
118
28
16
0
74
48.2
46.6
73.8
-
50.2
0 (0)
# 56
C
11
272
2
165
0
105
46.4
54.9
74.3
-
46.1
6 (1)
# 68
T
13
696
0
436
0
260
46.2
-
55.8
-
45.9
12 (4)
# 86
TE
16
246
102
23
0
121
44.8
38.8
59.3
-
59.0
1 (0)
# 12
QB
8
428
265
0
4
159
44.1
42.3
-
67.9
60.1
7 (0)
# 71
T
9
293
1
193
0
99
42.8
59.7
36.9
-
54.5
4 (2)
# 79
T
3
143
0
99
0
44
32.8
-
47.1
-
30.6
5 (2)
