1
Myles Garrett
2
Devin Bush
3
Joe Tryon-Shoyinka
4
Alex Wright
5
Carson Schwesinger
6
Easton Mascarenas-Arnold
7
Maliek Collins
8
Tyson Campbell
9
Isaiah McGuire
10
Maurice Hurst
11
Ronnie Hickman Jr.
11
Jerome Baker
13
Mason Graham
14
Cameron Thomas
15
Grant Delpit
16
Damontae Kazee
17
Adin Huntington
18
Greg Newsome II
19
Chris Edmonds
20
D'Angelo Ross
21
Jarrick Bernard-Converse
22
Shelby Harris
23
Keith Cooper Jr.
24
Donovan McMillon
24
Mohamoud Diabate
26
Denzel Ward
27
Sam Kamara
28
Sam Webb
29
Tre Avery
30
Rayshawn Jenkins
31
Dom Jones
32
Myles Harden
33
Michael Hall Jr.
34
Cameron Mitchell
# 95
ED
17
869
362
507
0
92.7
82.6
77.7
93.3
60.6
84
25
14
45
1
26
10
2
5.3
46
3
0
0
0
0
0
0
0
0.0
9 (2)
859
10
0
0
0
0
4
24
831
# 30
LB
17
873
424
45
404
87.6
87.2
76.9
69.3
80.4
8
2
2
4
0
81
39
9
7.0
44
1
42
33
78.6
247
7.5
176
27
1
3
3
69.3
2 (0)
129
692
0
47
5
0
0
0
129
# 93
ED
7
31
16
14
1
86.7
72.9
75.7
81.1
61.4
3
0
1
2
0
4
1
0
0.0
3
0
0
0
0
0
0
0
0
0.0
0 (0)
31
0
0
0
0
0
0
2
29
# 91
ED
14
470
194
262
14
78.6
73.6
55.0
64.7
77.5
22
7
4
11
1
24
7
4
11.4
24
1
2
2
100.0
1
0.5
7
3
0
0
0
79.2
1 (1)
469
1
0
0
0
0
2
21
446
# 49
LB
16
958
410
73
475
75.3
81.5
69.8
70.8
63.0
18
3
6
9
0
106
38
17
10.6
54
0
45
40
88.9
376
9.4
287
42
2
2
1
97.8
1 (0)
30
903
1
21
3
0
1
0
29
# 42
LB
4
12
12
0
0
74.7
69.2
73.3
-
-
0
0
0
0
0
1
0
0
0.0
1
0
0
0
0
0
0
0
0
0.0
0 (0)
2
10
0
0
0
0
0
0
2
# 96
DI
12
473
180
291
2
74.5
57.1
28.4
87.2
52.8
28
8
6
14
0
15
3
6
25.0
19
0
0
0
0
0
0
0
0
0.0
2 (0)
472
1
0
0
0
12
316
140
4
# 07
CB
12
642
269
1
372
74.1
68.2
58.9
60.0
73.8
1
0
1
0
0
41
10
7
12.1
13
2
52
27
51.9
325
12.0
66
33
3
1
6
82.6
0 (0)
0
55
0
31
556
0
0
0
0
# 57
ED
17
428
175
239
14
73.7
75.5
70.0
63.1
59.3
29
3
6
20
0
20
10
5
14.3
17
1
1
1
100.0
12
12.0
7
12
0
0
0
116.7
0 (0)
428
0
0
0
0
0
4
9
415
# 97
DI
2
12
10
2
0
71.1
68.4
67.3
59.1
-
0
0
0
0
0
0
1
0
0.0
0
0
0
0
0
0
0
0
0
0.0
0 (0)
12
0
0
0
0
0
12
0
0
# 33
S
17
1,042
449
9
584
69.8
61.7
70.4
51.4
72.7
4
0
0
4
0
62
30
12
11.5
14
0
34
20
58.8
262
13.1
174
36
1
2
4
68.5
0 (0)
26
226
706
71
13
0
0
0
26
# 17
LB
17
261
159
14
88
69.8
62.8
73.6
77.7
69.1
3
1
0
2
0
20
14
2
5.6
9
2
9
8
88.9
71
8.9
59
19
0
0
0
99.5
0 (0)
31
201
0
29
0
0
0
0
31
# 94
DI
17
765
312
447
6
68.7
62.4
39.1
62.2
67.5
36
1
4
31
2
36
10
5
9.8
32
0
1
0
0.0
0
0
0
0
0
39.6
1 (0)
759
6
0
0
0
14
552
174
19
# 99
ED
17
310
148
155
7
67.6
65.3
80.8
66.7
62.4
13
4
3
6
0
10
9
0
0.0
8
0
0
0
0
0
0
0
0
0.0
2 (0)
310
0
0
0
0
0
4
7
299
# 09
S
17
1,014
425
50
539
66.3
71.8
64.9
75.4
60.0
14
3
5
6
0
53
27
10
11.1
31
1
61
42
68.9
517
12.3
296
44
2
1
3
98.9
1 (0)
96
391
227
271
29
0
0
0
96
# 23
S
2
11
1
0
10
65.1
60.0
-
-
64.0
0
0
0
0
0
0
0
0
0
0
0
0
0
0
0
0
0
0.0
0 (0)
0
0
8
3
0
0
0
0
0
# 98
DI
13
158
75
82
1
64.8
64.8
73.8
59.1
60.0
6
1
0
5
0
5
4
0
0.0
5
0
0
0
0
0
0
0
0
0.0
0 (0)
158
0
0
0
0
2
100
41
15
# 00
CB
5
285
112
0
173
63.9
67.6
65.6
-
62.1
0
0
0
0
0
20
3
3
11.5
6
0
23
15
65.2
195
13.0
54
41
0
0
1
91.8
2 (0)
3
11
0
11
260
0
0
0
3
# 41
S
4
8
7
0
1
63.7
60.6
-
-
60.0
0
0
0
0
0
0
0
0
0
0
0
0
0
0
0
0
0
0.0
0 (0)
0
8
0
0
0
0
0
0
0
# 20
CB
2
41
11
0
30
63.6
53.2
78.7
-
65.4
0
0
0
0
0
5
0
0
0.0
1
0
7
5
71.4
78
15.6
27
21
0
0
2
108.0
0 (0)
0
1
0
2
38
0
0
0
0
# 20
CB
1
5
3
0
2
63.4
60.0
-
-
61.5
0
0
0
0
0
0
0
0
0
0
0
0
0
0
0
0
0
0.0
0 (0)
0
3
0
0
2
0
0
0
0
# 93
DI
17
511
249
261
1
62.0
64.4
39.3
61.0
62.6
19
2
3
14
4
26
7
4
10.8
20
0
0
0
0
0
0
0
0
0.0
4 (0)
505
6
0
0
0
52
379
73
1
# 66
DI
1
1
1
0
0
60.0
60.0
-
-
-
0
0
0
0
0
0
0
0
0
0
0
0
0
0
0
0
0
0.0
0 (0)
0
1
0
0
0
0
0
0
0
# 31
S
5
23
12
1
10
59.9
51.4
30.0
72.5
62.0
1
1
0
0
0
0
1
0
0.0
1
0
0
0
0
0
0
0
0
0.0
0 (0)
1
6
15
1
0
0
0
0
1
# 43
LB
17
298
172
15
111
59.9
68.0
53.6
49.9
51.4
3
0
0
3
0
30
16
7
13.2
17
1
9
8
88.9
56
7.0
39
19
1
0
0
129.6
0 (0)
33
239
4
22
0
1
0
0
32
# 21
CB
15
780
325
3
452
59.2
55.8
39.2
45.2
59.7
2
0
0
2
0
36
5
10
19.6
11
0
54
32
59.3
355
11.1
137
45
3
1
4
89.7
3 (0)
11
45
0
30
694
0
0
0
11
# 92
DI
4
96
57
38
1
58.3
57.4
73.0
59.6
62.4
4
0
0
4
0
5
2
1
12.5
4
0
0
0
0
0
0
0
0
0.0
1 (0)
96
0
0
0
0
1
58
21
16
# 27
CB
6
137
50
0
87
57.1
60.5
29.6
-
59.0
0
0
0
0
0
6
2
3
27.3
3
0
13
8
61.5
65
8.1
19
21
2
0
1
113.8
3 (1)
0
7
0
2
128
0
0
0
0
# 28
CB
3
42
5
0
37
55.9
71.4
80.1
-
52.5
0
0
0
0
0
3
2
0
0.0
1
0
7
5
71.4
67
13.4
19
40
0
0
0
101.5
0 (0)
0
0
0
32
10
0
0
0
0
# 05
S
17
277
71
5
201
55.0
52.4
63.4
64.5
57.8
1
0
0
1
0
17
8
4
13.8
8
0
11
7
63.6
79
11.3
31
38
0
1
0
47.2
2 (0)
26
82
133
29
7
0
0
0
26
# 37
CB
6
49
24
0
25
51.2
68.6
77.6
-
45.8
0
0
0
0
0
4
0
0
0.0
0
0
7
5
71.4
59
11.8
6
39
2
0
0
136.3
0 (0)
0
5
0
0
44
0
0
0
0
# 26
CB
16
529
185
5
339
48.7
57.1
29.7
91.0
44.8
2
0
1
1
0
31
6
12
24.5
14
0
62
46
74.2
385
8.4
259
40
5
0
3
116.7
6 (1)
5
51
5
428
40
0
0
0
5
# 51
DI
9
178
79
97
2
41.4
30.8
56.5
62.6
59.1
8
2
1
5
0
8
1
1
10.0
8
0
0
0
0
0
0
0
0
0.0
0 (0)
174
4
0
0
0
0
111
62
1
# 29
CB
2
36
9
0
27
33.5
70.5
75.1
-
29.6
0
0
0
0
0
1
0
0
0.0
0
1
5
4
80.0
60
15.0
11
23
3
0
0
156.3
1 (0)
0
5
0
8
23
0
0
0
0
