1
Dak Prescott
2
George Pickens
3
Ryan Flournoy
4
CeeDee Lamb
5
Javonte Williams
6
Tyler Smith
7
Brevyn Spann-Ford
8
Tyler Booker
9
Phil Mafah
10
Brandon Aubrey
11
Cooper Beebe
12
T.J. Bass
13
Miles Sanders
14
Terence Steele
15
KaVontae Turpin
16
Hunter Luepke
17
Jalen Tolbert
18
Malik Davis
19
Parris Campbell
19
Trent Sieg
19
Bryan Anger
22
Jake Ferguson
23
Jalen Moreno-Cropper
24
Jalen Brooks
25
Trevor Keegan
26
Tyler Guyton
27
Jaydon Blue
28
Brock Hoffman
29
Luke Schoonmaker
30
Jonathan Mingo
31
Joe Milton III
32
Hakeem Adeniji
33
Nate Thomas
# 04
QB
17
1,135
712
0
28
395
86.9
85.4
-
61.3
60.2
5 (0)
# 03
WR
17
968
661
0
0
307
85.9
87.2
-
-
53.3
8 (1)
# 19
WR
15
479
292
0
4
183
80.3
78.8
-
61.8
74.4
1 (1)
# 88
WR
14
732
498
0
3
231
77.6
79.0
-
55.4
59.8
6 (2)
# 33
HB
16
769
367
124
255
23
75.3
45.7
66.3
81.7
56.9
1 (0)
# 73
G
16
1,110
0
700
0
410
73.4
-
65.3
-
81.0
11 (3)
# 89
TE
17
300
74
33
0
193
73.0
72.4
53.8
-
68.2
0 (0)
# 52
G
14
1,003
0
631
0
372
72.0
-
62.3
-
76.9
7 (1)
# 37
HB
1
10
3
0
5
2
71.7
79.9
-
67.6
59.4
0 (0)
# 17
K
1
1
0
0
1
0
70.4
-
-
63.1
-
0 (0)
# 56
C
11
767
0
484
0
283
67.8
-
63.6
-
68.3
1 (0)
# 66
G
9
352
0
209
0
143
67.6
-
62.9
-
65.8
0 (0)
# 24
HB
4
65
28
14
21
2
66.7
76.3
36.8
65.9
60.0
0 (0)
# 78
T
17
1,163
0
722
0
441
63.6
-
54.8
-
70.2
7 (3)
# 09
WR
15
380
266
1
17
96
61.6
64.7
67.1
46.7
48.9
1 (1)
# 40
FB
17
252
92
38
16
106
60.5
70.6
54.3
65.3
45.4
0 (0)
# 01
WR
13
464
284
0
0
180
60.4
61.2
-
-
45.1
1 (0)
# 43
HB
9
154
57
31
53
13
60.3
43.0
50.0
65.2
59.4
0 (0)
# 11
WR
1
2
0
0
0
2
60.0
-
-
-
59.9
0 (0)
# 44
LS
1
1
0
0
0
1
60.0
-
-
-
60.0
0 (0)
# 05
P
1
1
0
0
0
1
60.0
-
-
-
60.0
0 (0)
# 87
TE
17
786
546
35
0
205
59.4
60.0
54.4
-
57.6
5 (2)
# 16
WR
3
8
1
0
0
7
58.9
59.3
-
-
60.6
1 (0)
# 83
WR
1
4
1
0
0
3
58.7
59.7
-
-
60.2
0 (0)
# 76
G
1
6
0
4
0
2
58.2
-
77.3
-
57.7
0 (0)
# 60
T
10
650
0
418
0
232
57.4
-
49.8
-
64.8
7 (0)
# 23
HB
5
78
25
6
40
7
56.9
52.5
82.1
59.0
60.0
1 (0)
# 67
C
10
475
0
285
0
190
56.0
-
58.4
-
56.9
2 (0)
# 86
TE
17
392
143
44
0
205
55.1
58.6
54.1
-
54.2
2 (0)
# 81
WR
6
80
43
0
0
37
53.2
51.5
-
-
64.9
0 (0)
# 10
QB
4
51
30
0
2
19
52.7
52.7
-
57.4
60.0
0 (0)
# 75
G
6
77
0
41
0
36
50.8
-
34.7
-
56.1
1 (0)
# 71
T
9
342
0
219
0
123
39.2
-
31.6
-
52.9
4 (0)
