1
Aidan Hutchinson
2
Jack Campbell
3
Nick Whiteside
4
Tyrus Wheat
5
Avonte Maddox
6
Loren Strickland
6
Thomas Harper
8
Brian Branch
9
Daniel Thomas
10
Al-Quadin Muhammad
11
DJ Reader
12
Roy Lopez
13
Alex Anzalone
14
Grant Stuard
15
Tre Flowers
16
Jalen Mills
17
D.J. Reed
18
Trevor Nowaske
19
Quinton Jefferson
20
Zach Cunningham
21
Rock Ya-Sin
22
Derrick Barnes
23
Arthur Maulet
24
Tyleik Williams
25
Kerby Joseph
26
Tyler Lacy
27
Khalil Dorsey
28
Erick Hallett
29
Mekhi Wingo
30
Terrion Arnold
31
Marcus Davenport
32
Alim McNeill
33
Amik Robertson
34
Patrick O'Connor
35
Malcolm Rodriguez
# 97
ED
17
1,005
374
622
9
91.7
69.7
44.3
92.1
72.9
100
16
20
64
1
29
9
10
20.8
35
4
1
1
100.0
12
12.0
2
12
0
1
0
77.1
6 (1)
998
6
1
0
0
0
1
6
991
# 46
LB
17
1,096
410
78
608
90.3
93.0
81.5
75.7
71.7
17
5
2
10
0
111
48
12
7.0
69
3
61
45
73.8
392
8.7
287
42
4
0
2
112.2
2 (0)
39
989
1
46
21
0
0
0
39
# 38
CB
5
51
10
0
41
83.0
51.0
49.9
-
88.3
0
0
0
0
0
5
0
1
16.7
3
0
5
1
20.0
22
22.0
24
22
1
0
3
85.0
0 (0)
0
6
0
4
41
0
0
0
0
# 99
ED
11
66
18
47
1
82.3
62.4
73.1
80.5
60.0
3
2
1
0
1
1
0
0
0.0
3
1
0
0
0
0
0
0
0
0.0
0 (0)
66
0
0
0
0
0
6
2
58
# 29
S
10
342
118
2
222
79.1
75.7
61.5
61.3
75.0
0
0
0
0
0
24
8
5
13.5
2
1
13
10
76.9
108
10.8
32
30
2
1
3
108.3
1 (0)
7
67
248
18
2
0
0
0
7
# 24
S
1
13
1
0
12
78.0
60.0
80.7
-
73.5
0
0
0
0
0
1
1
0
0.0
1
0
1
1
100.0
14
14.0
0
14
0
0
0
118.8
0 (0)
0
2
10
1
0
0
0
0
0
# 12
S
10
482
195
2
285
78.0
73.2
74.5
50.9
75.9
0
0
0
0
0
33
8
4
8.9
6
1
10
5
50.0
84
16.8
4
39
2
1
2
78.8
0 (0)
1
90
385
5
1
0
0
0
1
# 32
S
12
746
292
18
436
77.8
82.6
88.1
83.0
74.3
7
3
3
1
0
60
19
4
4.8
26
1
37
21
56.8
301
14.3
73
41
4
0
6
119.3
9 (2)
53
236
282
149
26
0
0
0
53
# 02
S
6
111
47
1
63
75.8
71.6
65.9
58.5
71.0
0
0
0
0
0
11
4
2
11.8
3
0
4
3
75.0
32
10.7
5
26
1
0
1
137.5
0 (0)
6
34
61
7
3
0
0
0
6
# 96
ED
17
457
83
353
21
74.5
59.7
47.6
72.0
63.4
53
12
9
32
0
9
4
4
23.5
15
0
4
2
50.0
28
14.0
9
15
0
0
0
72.9
1 (1)
456
1
0
0
0
4
35
96
321
# 98
DI
17
583
267
313
3
68.9
61.7
59.3
72.6
62.1
20
0
3
17
0
17
12
2
6.5
14
0
0
0
0
0
0
0
0
0.0
2 (0)
582
1
0
0
0
240
331
11
0
# 51
DI
17
425
186
238
1
68.8
68.9
53.7
63.9
64.1
13
3
2
8
1
19
9
3
9.7
14
0
0
0
0
0
0
0
0
0.0
2 (0)
425
0
0
0
0
87
309
29
0
# 34
LB
16
1,003
369
68
566
67.4
65.0
76.8
66.0
65.3
18
3
4
11
1
68
27
8
7.8
44
0
61
40
65.6
409
10.2
159
45
2
1
4
88.8
5 (3)
82
706
3
174
38
0
0
0
82
# 15
LB
4
13
10
0
3
66.8
63.5
33.4
-
62.6
0
0
0
0
0
3
0
1
25.0
3
0
0
0
0
0
0
0
0
0.0
0 (0)
0
13
0
0
0
0
0
0
0
# 26
CB
2
12
1
0
11
66.7
60.0
-
-
66.3
0
0
0
0
0
0
0
0
0
0
0
0
0
0
0
0
0
0.0
0 (0)
0
1
2
2
7
0
0
0
0
# 13
S
2
65
23
1
41
66.2
64.0
55.8
58.3
64.2
0
0
0
0
0
4
1
1
16.7
1
0
2
1
50.0
7
7.0
1
7
0
0
0
58.3
0 (0)
0
15
45
4
1
0
0
0
0
# 04
CB
11
583
207
1
375
65.2
78.7
71.9
58.5
61.3
0
0
0
0
0
45
5
3
5.7
14
1
57
35
61.4
480
13.7
124
37
1
2
3
79.6
6 (4)
7
32
0
37
507
0
0
0
7
# 53
ED
10
74
16
36
22
64.9
68.2
57.4
57.1
64.3
4
1
1
2
0
2
3
1
16.7
3
0
1
1
100.0
19
19.0
3
19
0
0
0
118.8
0 (0)
53
18
0
3
0
0
0
0
53
# 79
DI
1
14
1
12
1
64.7
60.0
-
58.2
60.0
0
0
0
0
0
0
0
0
0
0
0
0
0
0
0
0
0
0.0
0 (0)
13
1
0
0
0
1
8
4
0
# 52
LB
3
14
8
0
6
63.1
71.1
78.8
-
51.9
0
0
0
0
0
3
2
0
0.0
1
0
2
2
100.0
27
13.5
20
22
0
0
0
118.8
0 (0)
2
10
0
1
1
0
0
0
2
# 23
CB
16
611
224
4
383
62.9
50.8
81.0
61.8
64.9
3
0
1
2
0
36
9
2
4.3
10
0
50
27
54.0
287
10.6
80
37
1
0
5
77.7
8 (1)
29
62
1
33
486
0
0
0
29
# 55
LB
17
939
382
188
369
62.3
69.1
65.7
54.2
56.6
21
4
1
16
1
47
20
7
9.5
31
0
28
25
89.3
247
9.9
167
33
2
1
1
112.4
0 (0)
460
374
0
101
4
0
6
1
453
# 27
CB
7
106
13
6
87
62.2
65.7
85.9
46.1
63.0
0
0
0
0
0
11
1
0
0.0
5
0
16
13
81.3
144
11.1
32
31
1
1
1
99.0
1 (0)
1
3
1
81
20
0
0
0
1
# 91
DI
17
446
220
225
1
62.1
53.8
64.2
68.3
59.7
19
1
1
17
3
16
4
1
4.8
12
0
0
0
0
0
0
0
0
0.0
0 (0)
444
2
0
0
0
4
368
71
1
# 31
S
6
316
105
0
211
59.5
66.9
31.7
60.0
57.7
0
0
0
0
0
13
4
6
26.1
3
0
9
5
55.6
62
12.4
26
30
1
3
1
74.5
1 (0)
0
90
206
20
0
0
0
0
0
# 78
ED
10
237
124
113
0
58.6
65.2
78.8
51.4
-
6
1
1
4
0
13
7
0
0.0
10
0
0
0
0
0
0
0
0
0.0
1 (0)
237
0
0
0
0
0
11
87
139
# 30
CB
5
20
9
0
11
55.7
61.5
-
-
53.9
0
0
0
0
0
0
0
0
0
0
0
0
0
0
0
0
0
0.0
0 (0)
0
1
0
2
17
0
0
0
0
# 36
S
2
119
33
7
79
54.5
57.4
58.3
46.8
56.7
1
0
0
1
0
15
3
3
14.3
4
0
8
6
75.0
93
15.5
59
30
0
0
1
113.0
1 (0)
8
34
50
22
5
0
0
0
8
# 94
DI
2
59
19
40
0
53.2
59.7
71.5
56.7
60.0
2
0
0
2
0
4
0
0
0.0
2
0
0
0
0
0
0
0
0
0.0
1 (0)
59
0
0
0
0
5
42
12
0
# 06
CB
8
312
103
1
208
52.6
47.1
58.0
58.3
53.8
0
0
0
0
0
28
2
4
11.8
9
0
41
23
56.1
331
14.4
70
48
2
1
4
88.6
6 (3)
1
34
0
32
245
0
0
0
1
# 92
ED
8
280
129
150
1
52.4
51.8
47.1
55.8
53.7
7
1
2
4
0
7
6
2
13.3
6
0
1
1
100.0
26
26.0
6
26
0
0
0
118.8
0 (0)
279
1
0
0
0
0
6
50
223
# 54
DI
10
523
202
318
3
52.2
47.3
28.3
61.4
60.2
23
0
2
21
1
9
5
4
22.2
8
0
0
0
0
0
0
0
0
0.0
3 (1)
522
1
0
0
0
40
271
133
78
# 21
CB
17
842
281
8
553
48.8
48.9
32.4
57.8
48.2
3
0
0
3
0
47
6
13
19.7
17
2
97
65
67.0
817
12.6
252
64
6
1
9
109.3
3 (1)
4
64
0
287
487
0
0
0
4
# 95
ED
8
106
52
53
1
48.5
59.8
72.4
52.2
60.0
2
0
0
2
1
4
0
0
0.0
4
0
0
0
0
0
0
0
0
0.0
2 (2)
106
0
0
0
0
0
7
32
67
# 44
LB
6
72
32
3
37
28.4
57.3
29.3
54.0
27.7
0
0
0
0
0
10
0
4
28.6
5
0
11
9
81.8
85
9.4
46
27
1
0
0
129.2
0 (0)
1
67
0
2
2
0
0
0
1
