1
Malik Willis
2
Jordan Love
3
Christian Watson
4
Josh Jacobs
5
Zach Bako-Bewele
6
Tucker Kraft
7
Jacob Monk
8
Jayden Reed
9
Romeo Doubs
10
Dontayvion Wicks
11
Chris Brooks
12
Darian Kinnard
13
Matthew Golden
14
Lecitus Smith
15
Rasheed Walker
16
Emanuel Wilson
17
Bo Melton
18
Elgton Jenkins
19
Ben Sims
20
Donovan Jennings
21
Malik Heath
22
Savion Williams
23
Jordan Morgan
24
Sean Rhyan
25
Luke Musgrave
26
John FitzPatrick
27
Josh Whyle
28
Jakobie Keeney-James
29
Aaron Banks
30
Drake Dabney
31
Anthony Belton
32
Clayton Tune
# 02
QB
4
97
49
0
13
35
92.3
90.8
-
80.3
60.0
0 (0)
# 10
QB
15
894
523
0
22
349
88.5
88.7
-
52.1
60.4
2 (0)
# 09
WR
10
416
255
1
1
159
86.7
88.5
65.5
56.6
56.4
1 (0)
# 08
HB
15
552
229
57
237
29
86.1
90.0
37.6
82.8
46.2
1 (0)
# 50
T
12
604
0
351
0
253
83.5
-
78.5
-
81.9
1 (1)
# 85
TE
8
440
222
33
1
184
78.1
82.9
53.5
57.2
62.0
1 (0)
# 62
C
2
57
0
22
0
35
73.7
-
50.7
-
74.7
0 (0)
# 11
WR
7
169
118
1
3
47
71.7
73.2
65.9
63.5
50.3
1 (0)
# 87
WR
16
779
448
0
0
331
71.0
73.7
-
-
32.6
1 (0)
# 13
WR
14
409
249
4
0
156
70.2
71.2
79.4
-
51.3
1 (1)
# 30
HB
17
203
109
33
26
35
69.6
51.1
69.2
73.6
86.9
0 (0)
# 70
T
14
285
2
142
0
141
69.4
55.7
58.6
-
73.6
2 (0)
# 00
WR
14
453
285
1
9
158
66.1
68.1
66.4
54.3
46.6
0 (0)
# 68
G
1
51
0
18
0
33
65.7
-
74.0
-
62.5
0 (0)
# 63
T
16
986
0
572
0
414
64.6
-
70.0
-
55.4
9 (2)
# 23
HB
17
327
137
45
125
20
64.0
37.2
46.7
74.1
31.6
0 (0)
# 16
WR
13
96
52
1
5
38
62.6
60.5
68.8
57.4
77.0
1 (1)
# 74
C
9
538
0
310
0
228
62.0
-
72.5
-
60.6
4 (0)
# 89
TE
1
1
0
0
0
1
61.0
72.7
70.4
-
36.0
0 (0)
# 67
G
1
6
0
4
0
2
60.9
-
77.0
-
59.1
0 (0)
# 18
WR
11
211
105
2
0
104
60.6
61.0
54.0
-
67.4
2 (0)
# 83
WR
12
91
44
0
10
37
60.2
62.5
-
55.7
56.9
0 (0)
# 77
G
14
748
0
424
0
324
59.0
-
64.3
-
57.8
5 (0)
# 75
C
15
808
0
462
0
346
58.5
-
36.8
-
66.7
5 (1)
# 88
TE
17
426
220
19
0
187
57.1
60.9
76.6
-
48.1
1 (0)
# 86
TE
15
335
128
26
0
181
56.3
47.5
73.6
-
66.0
6 (2)
# 81
TE
8
175
77
14
0
84
56.1
57.1
60.3
-
53.1
1 (0)
# 84
WR
1
48
17
0
0
31
55.2
55.2
-
-
56.0
0 (0)
# 65
G
14
746
0
435
0
311
53.5
-
52.2
-
54.6
4 (0)
# 49
TE
2
52
10
8
0
34
52.2
53.6
23.8
-
61.7
0 (0)
# 71
G
11
487
0
258
0
229
49.7
-
43.3
-
51.9
2 (0)
# 06
QB
2
59
23
0
3
33
37.7
29.5
-
65.1
60.0
0 (0)
