1
Will Anderson Jr.
2
Alijah Huzzie
3
Danielle Hunter
4
Jalen Pitre
5
Jake Hansen
6
Kamari Lassiter
7
Tommy Togiai
8
Sheldon Rankins
9
Tim Settle
10
Xavier Hutchinson
11
Azeez Al-Shaair
12
Jaylin Noel
13
K'Von Wallace
14
Calen Bullock
15
Derek Stingley Jr.
16
Jaylin Smith
17
Derek Barnett
18
Jalen Mills
19
Jaylen Reed
20
Myles Bryant
21
Henry To'oTo'o
22
Haggai Ndubuisi
23
British Brooks
23
Justin Watson
23
Damon Arnette
23
Dare Ogunbowale
27
C.J. Gardner-Johnson
28
Denico Autry
29
Christian Harris
30
E.J. Speed
31
Tremon Smith
32
Ja'Marcus Ingram
33
Dylan Horton
34
Foley Fatukasi
35
M.J. Stewart
36
Jamal Hill
37
Darrell Taylor
38
Leki Fotu
39
Marlon Davidson
40
Mario Edwards Jr.
41
Kaevon Merriweather
42
Damone Clark
43
Naquan Jones
# 51
ED
17
694
217
476
1
92.6
79.8
51.8
92.0
76.3
93
13
10
70
1
28
14
9
17.6
33
3
1
1
100.0
-10
-10.0
-2
-10
0
0
0
79.2
6 (0)
689
5
0
0
0
0
0
10
679
# 36
CB
1
23
10
1
12
90.6
74.1
79.0
57.2
91.1
0
0
0
0
0
3
0
0
0.0
3
0
2
2
100.0
8
4.0
6
4
0
1
0
43.8
0 (0)
0
3
1
18
0
0
0
0
0
# 55
ED
17
728
225
500
3
89.1
63.3
49.8
90.1
54.0
83
16
8
59
2
22
14
9
20.0
31
3
1
1
100.0
10
10.0
0
10
0
0
0
108.3
1 (0)
728
0
0
0
0
0
2
8
718
# 05
S
14
751
264
40
447
85.6
72.8
60.2
66.8
86.9
10
0
0
10
1
58
16
12
14.0
22
0
60
45
75.0
450
10.0
232
33
0
4
6
68.1
2 (0)
27
185
47
486
6
0
0
0
27
# 35
LB
3
9
6
0
3
77.1
69.4
-
-
63.7
0
0
0
0
0
0
0
0
0
0
0
0
0
0
0
0
0
0.0
0 (0)
0
8
0
1
0
0
0
0
0
# 04
CB
16
958
336
8
614
75.9
83.0
71.6
63.4
72.9
3
0
1
2
0
73
19
7
7.1
33
0
86
49
57.0
538
11.0
167
39
5
4
10
75.6
6 (2)
3
96
2
53
804
0
0
0
3
# 72
DI
15
459
207
251
1
73.3
63.9
60.8
71.5
65.5
25
2
3
20
3
47
10
5
8.1
34
0
0
0
0
0
0
0
0
0.0
0 (0)
458
1
0
0
0
5
340
107
6
# 90
DI
17
623
208
415
0
73.2
70.4
59.7
63.6
67.1
38
3
5
30
0
23
11
5
12.8
22
0
0
0
0
0
0
0
0
0.0
0 (0)
623
0
0
0
0
9
349
245
20
# 98
DI
12
383
166
215
2
71.5
61.3
27.5
78.2
60.9
17
1
0
16
3
10
2
5
29.4
10
0
0
0
0
0
0
0
0
0.0
2 (0)
383
0
0
0
0
21
337
24
1
# 19
WR
1
1
0
0
1
70.6
-
-
-
60.7
0
0
0
0
0
0
0
0
0
0
0
0
0
0
0
0
0
0.0
0 (0)
0
0
0
0
0
0
0
0
0
# 00
LB
16
926
313
27
586
70.3
81.1
61.9
61.0
61.4
7
0
2
5
2
74
25
14
12.4
42
1
55
42
76.4
313
7.5
231
27
1
2
4
80.3
2 (0)
2
876
3
44
1
0
0
0
2
# 14
WR
1
1
0
0
1
70.2
-
-
-
60.7
0
0
0
0
0
0
0
0
0
0
0
0
0
0
0
0
0
0.0
0 (0)
0
0
0
0
0
0
0
0
0
# 38
S
2
108
32
2
74
70.1
83.3
73.7
59.1
63.1
1
0
0
1
0
8
2
1
9.1
6
0
6
3
50.0
17
5.7
4
9
0
0
0
56.3
1 (0)
2
31
50
25
0
0
0
0
2
# 02
S
17
992
346
0
646
69.3
86.5
81.9
-
62.3
0
0
0
0
0
52
14
6
8.3
10
1
34
16
47.1
233
14.6
35
35
2
4
6
49.9
2 (1)
3
148
763
76
2
0
0
0
3
# 24
CB
17
914
320
3
591
69.1
35.9
28.9
53.4
75.8
0
0
0
0
0
30
3
9
21.4
6
1
65
34
52.3
499
14.7
131
56
3
4
9
67.4
8 (1)
3
77
0
9
825
0
0
0
3
# 22
CB
4
31
6
0
25
68.7
75.1
78.0
-
65.2
0
0
0
0
0
3
1
0
0.0
2
0
1
1
100.0
7
7.0
2
7
0
0
0
95.8
0 (0)
0
0
0
2
29
0
0
0
0
# 95
ED
17
350
154
195
1
67.0
63.1
50.5
69.7
60.5
14
5
5
4
0
10
5
3
16.7
13
0
0
0
0
0
0
0
0
0.0
3 (0)
350
0
0
0
0
0
1
4
345
# 30
S
3
48
8
1
39
66.9
61.8
69.9
59.1
65.1
0
0
0
0
0
0
1
0
0.0
0
0
0
0
0
0
0
0
0
0.0
0 (0)
3
10
29
6
0
0
0
0
3
# 23
S
3
73
24
1
48
65.6
73.5
69.0
59.1
61.1
0
0
0
0
0
8
4
1
7.7
3
0
9
9
100.0
119
13.2
84
44
0
0
0
118.8
0 (0)
0
30
18
25
0
0
0
0
0
# 25
S
8
343
109
4
230
63.9
74.5
64.1
66.9
59.0
1
0
0
1
0
25
10
5
12.5
11
0
20
15
75.0
125
8.3
44
34
2
0
0
124.0
0 (0)
4
82
143
109
5
0
0
0
4
# 39
LB
17
818
308
35
475
62.4
66.9
32.2
81.8
54.6
16
3
1
12
0
65
25
21
18.9
36
0
67
49
73.1
503
10.3
388
60
3
0
2
109.2
3 (0)
15
697
2
101
3
0
0
0
15
# 64
DI
1
4
2
2
0
62.1
61.3
66.8
59.1
-
0
0
0
0
0
1
0
0
0.0
0
0
0
0
0
0
0
0
0
0.0
0 (0)
4
0
0
0
0
1
3
0
0
# 44
FB
1
1
0
1
0
60.0
-
-
60.0
-
0
0
0
0
0
0
0
0
0
0
0
0
0
0
0
0
0
0.0
0 (0)
0
0
0
0
0
0
0
0
0
# 84
WR
1
1
0
1
0
60.0
-
-
60.0
-
0
0
0
0
0
0
0
0
0
0
0
0
0
0
0
0
0
0.0
0 (0)
0
0
0
0
0
0
0
0
0
# 41
CB
1
2
2
0
0
60.0
60.0
-
-
-
0
0
0
0
0
0
0
0
0
0
0
0
0
0
0
0
0
0.0
0 (0)
0
0
0
0
2
0
0
0
0
# 33
HB
1
1
0
1
0
60.0
-
-
60.0
-
0
0
0
0
0
0
0
0
0
0
0
0
0
0
0
0
0
0.0
0 (0)
0
0
0
0
0
0
0
0
0
# 08
S
3
202
76
7
119
59.6
71.2
48.2
59.8
54.8
1
0
1
0
0
14
2
4
20.0
5
0
9
7
77.8
132
18.9
45
46
0
0
0
118.8
0 (0)
1
89
83
29
0
0
0
0
1
# 96
DI
12
206
27
179
0
57.0
54.1
53.7
61.3
60.0
19
4
2
13
1
2
0
1
33.3
5
1
0
0
0
0
0
0
0
0.0
2 (0)
206
0
0
0
0
0
20
139
47
# 48
LB
7
93
46
2
45
54.8
64.8
60.8
56.6
53.8
0
0
0
0
0
6
3
1
10.0
1
0
5
4
80.0
22
5.5
20
9
0
0
0
85.0
1 (0)
0
84
1
7
0
0
0
0
0
# 45
LB
16
429
159
32
238
54.7
62.9
48.3
50.3
54.8
7
0
2
5
1
37
7
9
17.0
24
0
28
20
71.4
155
7.8
96
15
1
0
0
96.6
3 (0)
16
372
1
37
3
0
0
0
16
# 11
CB
10
175
56
0
119
54.5
76.5
73.3
-
50.3
0
0
0
0
0
12
5
1
5.6
4
0
15
9
60.0
178
19.8
46
66
1
0
1
123.8
0 (0)
0
14
1
5
155
0
0
0
0
# 42
CB
1
40
17
0
23
54.3
39.5
26.0
-
59.4
0
0
0
0
0
2
0
2
50.0
0
0
3
1
33.3
53
53.0
10
53
0
0
0
81.9
0 (0)
0
4
0
0
35
0
0
0
0
# 92
ED
16
245
113
132
0
53.0
59.2
69.9
49.5
60.0
16
1
2
13
0
14
3
0
0.0
11
0
0
0
0
0
0
0
0
0.0
1 (0)
244
0
0
0
0
0
0
2
242
# 91
DI
4
101
44
57
0
49.9
46.2
72.6
58.0
-
2
2
0
0
0
4
2
0
0.0
4
0
0
0
0
0
0
0
0
0.0
0 (0)
101
0
0
0
0
8
82
11
0
# 29
S
7
228
75
2
151
49.4
79.5
63.0
56.2
42.4
0
0
0
0
0
14
5
3
13.6
4
1
12
7
58.3
68
9.7
32
25
1
0
0
102.1
1 (0)
4
66
125
33
0
0
0
0
4
# 56
LB
1
3
2
0
1
49.0
60.0
-
-
60.0
0
0
0
0
0
0
0
0
0
0
0
0
0
0
0
0
0
0.0
0 (0)
0
1
0
2
0
0
0
0
0
# 52
ED
4
35
15
19
1
47.9
57.6
20.7
55.9
60.0
0
0
0
0
0
0
0
1
100.0
0
0
0
0
0
0
0
0
0
0.0
1 (0)
34
1
0
0
0
0
0
0
34
# 58
DI
2
46
22
24
0
40.7
43.0
70.1
51.2
-
0
0
0
0
0
1
2
0
0.0
1
0
0
0
0
0
0
0
0
0.0
0 (0)
46
0
0
0
0
1
44
1
0
# 94
DI
1
9
4
5
0
35.4
45.5
-
56.2
-
0
0
0
0
0
0
0
0
0
0
0
0
0
0
0
0
0
0.0
0 (0)
9
0
0
0
0
0
9
0
0
# 97
DI
14
282
86
196
0
34.7
35.4
59.2
51.7
57.2
14
2
2
10
0
7
4
1
8.3
5
0
0
0
0
0
0
0
0
0.0
3 (0)
282
0
0
0
0
0
187
94
1
# 32
S
1
9
4
0
5
31.4
60.0
75.2
-
41.8
0
0
0
0
0
1
0
0
0.0
0
0
1
1
100.0
23
23.0
11
23
0
0
0
118.8
0 (0)
0
1
7
0
0
0
0
0
0
# 31
LB
2
24
13
0
11
29.1
56.4
37.3
-
27.7
0
0
0
0
0
3
1
1
20.0
0
0
4
3
75.0
22
7.3
5
16
1
0
0
127.1
0 (0)
0
20
1
1
1
0
0
0
0
# 91
DI
4
70
37
33
0
28.8
27.9
25.6
63.7
60.0
1
0
1
0
0
3
1
2
33.3
3
0
0
0
0
0
0
0
0
0.0
1 (0)
70
0
0
0
0
4
66
0
0
