1
Khalil Mack
2
Derwin James Jr.
3
Benjamin St-Juste
4
Kendall Williamson
5
Odafe Oweh
6
Donte Jackson
7
Nikko Reed
8
Tony Jefferson
9
R.J. Mickens
10
Deane Leonard
11
Tarheeb Still
12
Marlowe Wax
13
Tuli Tuipulotu
14
Teair Tart
15
Alohi Gilman
16
Ja'Sir Taylor
17
Scott Matlock
18
Jamaree Caldwell
19
Marcus Williams
20
Troy Dye
21
Cam Hart
22
Da'Shawn Hand
23
Justin Eboigbe
24
Clelin Ferrell
25
Denzel Perryman
26
Elijah Molden
27
Otito Ogbonnia
28
Bud Dupree
29
Naquan Jones
30
Daiyan Henley
31
Del'Shawn Phillips
32
Marcus Maye
33
Caleb Murphy
34
Kyle Kennard
# 52
ED
12
424
149
264
11
83.1
80.7
59.9
69.0
79.3
39
6
5
28
0
19
5
3
11.1
23
3
3
3
100.0
12
4.0
3
6
0
0
0
83.3
0 (0)
422
2
0
0
0
0
4
11
407
# 03
S
16
895
332
71
492
81.3
69.9
59.5
75.1
83.8
13
3
5
5
1
70
19
11
11.0
34
1
53
36
67.9
343
9.5
192
29
1
3
2
68.4
3 (0)
125
294
106
351
19
0
0
0
125
# 24
CB
16
356
110
0
246
75.7
66.8
80.4
-
77.1
1
0
1
0
0
27
2
1
3.3
10
0
38
19
50.0
205
10.8
47
18
1
1
3
64.0
2 (0)
5
26
1
13
311
0
0
0
5
# 40
S
4
27
13
2
12
73.4
77.0
79.7
57.2
62.8
1
0
0
1
0
3
0
0
0.0
1
0
0
0
0
0
0
0
0
0.0
0 (0)
0
9
16
2
0
0
0
0
0
# 98
ED
12
347
101
231
15
73.3
64.8
61.8
77.8
33.4
35
8
4
23
0
14
7
2
8.7
20
0
7
4
57.1
33
8.3
18
13
0
0
0
69.3
1 (0)
347
0
0
0
0
0
0
5
342
# 26
CB
17
600
201
0
399
72.0
45.3
27.6
-
75.0
0
0
0
0
0
19
5
9
27.3
8
0
45
22
48.9
306
13.9
111
75
3
4
7
56.3
1 (0)
0
21
0
10
569
0
0
0
0
# 46
CB
5
50
9
1
40
71.6
39.5
26.6
59.1
78.7
0
0
0
0
0
1
0
1
50.0
0
0
5
1
20.0
8
8.0
9
8
0
0
1
39.6
0 (0)
1
2
0
41
6
0
0
0
1
# 23
S
13
492
161
9
322
70.3
59.7
58.6
75.4
71.9
4
1
2
1
0
40
14
8
12.9
13
0
14
9
64.3
62
6.9
43
20
0
4
3
34.5
1 (0)
5
104
351
32
0
0
0
0
5
# 27
S
10
328
108
1
219
70.0
50.5
55.8
59.1
73.4
0
0
0
0
0
18
8
6
18.8
3
0
9
4
44.4
28
7.0
12
11
0
2
0
12.5
0 (0)
2
63
237
25
1
0
0
0
2
# 33
CB
5
36
17
0
19
69.6
64.1
72.8
-
69.0
0
0
0
0
0
1
0
0
0.0
0
0
0
0
0
0
0
0
0
0.0
0 (0)
1
9
0
6
20
0
0
0
1
# 29
CB
15
773
264
18
491
69.3
59.8
32.5
58.8
70.1
7
0
2
5
1
48
6
15
21.7
21
0
53
38
71.7
350
9.2
244
49
1
0
4
95.6
5 (1)
11
72
8
321
361
0
0
0
11
# 58
LB
1
39
17
4
18
69.1
76.0
65.6
53.5
60.3
1
0
0
1
0
4
3
1
12.5
3
0
0
0
0
0
0
0
0
0.0
0 (0)
1
35
0
3
0
0
0
0
1
# 45
ED
16
735
271
422
42
68.2
57.6
32.9
74.4
36.1
70
13
13
44
2
25
9
13
27.7
32
2
7
5
71.4
40
8.0
28
11
0
0
0
85.4
0 (0)
715
16
0
4
0
0
11
53
651
# 90
DI
17
499
234
263
2
68.0
73.3
56.3
64.9
55.6
15
0
2
13
4
27
7
3
8.1
21
1
0
0
0
0
0
0
0
0.0
5 (0)
498
1
0
0
0
60
363
75
0
# 32
S
5
277
95
2
180
65.4
61.4
59.5
56.9
66.6
0
0
0
0
0
16
6
4
15.4
2
0
10
6
60.0
94
15.7
47
52
1
0
3
124.6
1 (0)
1
50
206
19
1
0
0
0
1
# 36
CB
1
16
3
1
12
65.0
60.0
-
59.0
65.6
0
0
0
0
0
0
0
0
0
0
0
0
0
0
0
0
0
0.0
0 (0)
1
1
0
13
1
0
0
0
1
# 44
FB
3
18
15
3
0
64.8
58.2
67.3
57.4
61.1
0
0
0
0
0
0
1
0
0.0
0
0
0
0
0
0
0
0
0
0.0
0 (0)
18
0
0
0
0
1
14
3
0
# 99
DI
17
487
232
251
4
63.0
67.2
29.3
55.8
55.3
13
1
0
12
1
20
6
6
18.8
15
1
0
0
0
0
0
0
0
0.0
1 (0)
486
1
0
0
0
104
355
27
0
# 31
S
3
90
27
0
63
62.3
70.0
63.5
-
58.5
0
0
0
0
0
7
2
1
10.0
2
0
1
1
100.0
8
8.0
0
8
0
0
0
100.0
0 (0)
0
19
64
6
1
0
0
0
0
# 43
LB
16
473
193
37
243
61.0
74.5
36.4
70.1
47.2
11
1
2
8
1
44
12
14
20.0
20
0
26
21
80.8
230
11.0
147
37
1
0
3
116.3
1 (0)
34
408
0
29
2
0
0
0
34
# 20
CB
16
640
223
3
414
60.8
52.7
49.0
76.8
61.0
3
0
1
2
0
36
8
7
13.7
6
0
61
37
60.7
545
14.7
147
45
4
1
10
104.9
3 (0)
5
69
1
23
542
0
0
0
5
# 91
DI
13
451
182
263
6
58.7
60.4
67.0
55.8
65.3
17
2
2
13
3
18
5
2
8.0
15
0
1
0
0.0
0
0
0
1
0
0.0
2 (0)
450
1
0
0
0
18
295
108
29
# 92
DI
17
407
169
233
5
58.6
57.3
67.0
57.1
60.6
21
6
4
11
0
22
5
1
3.6
21
0
0
0
0
0
0
0
0
0.0
0 (0)
407
0
0
0
0
13
209
118
67
# 57
ED
1
17
5
11
1
57.9
64.9
69.9
49.1
61.2
1
0
0
1
0
0
1
0
0.0
0
0
0
0
0
0
0
0
0
0.0
0 (0)
17
0
0
0
0
0
0
2
15
# 06
LB
10
298
146
6
146
56.0
69.9
58.1
53.0
46.8
0
0
0
0
0
38
11
7
12.5
16
0
20
17
85.0
192
11.3
125
27
0
0
3
106.7
1 (0)
1
279
0
17
1
0
0
0
1
# 02
S
12
538
198
0
340
55.5
62.8
51.9
-
52.6
0
0
0
0
0
37
10
10
17.5
9
0
16
10
62.5
141
14.1
79
43
3
1
0
104.4
3 (1)
6
101
400
29
2
0
0
0
6
# 93
DI
9
138
66
72
0
55.3
56.8
37.5
59.2
-
3
0
0
3
0
6
2
1
11.1
6
0
0
0
0
0
0
0
0
0.0
1 (0)
138
0
0
0
0
11
106
21
0
# 48
ED
16
392
154
203
35
54.8
61.7
53.7
50.8
59.3
19
2
1
16
1
12
5
3
15.0
12
0
6
5
83.3
39
7.8
34
19
0
0
0
93.8
1 (0)
384
5
0
3
0
0
1
1
382
# 91
DI
7
112
49
62
1
54.4
61.1
56.5
58.7
59.7
0
0
0
0
1
6
4
1
9.1
4
0
0
0
0
0
0
0
0
0.0
2 (0)
112
0
0
0
0
22
89
1
0
# 00
LB
16
930
338
63
529
54.1
58.8
77.9
68.4
48.4
15
4
2
9
0
66
27
8
7.9
27
0
75
61
81.3
574
9.4
385
29
1
2
3
91.9
2 (0)
101
733
1
90
5
0
0
0
101
# 53
LB
7
82
47
9
26
50.8
67.6
48.6
66.3
36.6
3
1
1
1
0
9
5
3
17.6
7
0
3
3
100.0
66
22.0
60
37
0
0
0
118.8
1 (0)
6
72
0
3
1
0
0
0
6
# 35
S
1
21
10
0
11
49.7
59.1
82.2
-
51.1
0
0
0
0
0
2
2
0
0.0
0
0
1
0
0.0
0
0
0
0
0
39.6
0 (0)
0
5
14
2
0
0
0
0
0
# 50
ED
6
129
33
89
7
48.1
41.6
76.3
53.9
61.0
6
1
0
5
0
5
1
1
14.3
2
0
2
2
100.0
13
6.5
12
9
0
0
0
93.8
0 (0)
128
1
0
0
0
0
4
5
119
# 54
ED
5
80
30
44
6
47.3
60.1
25.9
53.2
29.9
0
0
0
0
0
2
0
2
50.0
1
0
3
3
100.0
25
8.3
19
11
0
0
0
101.4
0 (0)
79
0
0
1
0
0
0
1
78
