1
Shaun Dolac
2
Poona Ford
3
Byron Young
4
Jared Verse
5
Kobie Turner
6
Quentin Lake
7
Troy Reeder
8
Kamren Curl
9
Roger McCreary
10
Xavier Smith
11
Kamren Kinchens
12
Josh Wallace
13
Nate Landman
14
Desjuan Johnson
15
Omar Speights
16
Tanner Ingle
17
Josaiah Stewart
17
Jaylen McCollough
19
Darious Williams
20
Tyler Davis
21
Cobie Durant
22
Derion Kendrick
23
Larrell Murchison
24
Ronnie Rivers
25
Nick Hampton
26
Braden Fiske
27
Ahkello Witherspoon
28
Emmanuel Forbes
29
Jack Heflin
30
Ty Hamilton
# 56
LB
4
43
20
4
19
88.5
88.2
80.4
64.0
68.4
0
0
0
0
0
6
0
0
0.0
3
0
4
3
75.0
25
8.3
15
13
0
0
0
90.6
0 (0)
1
40
0
1
0
0
0
0
1
# 95
DI
17
508
226
281
1
86.2
78.8
44.1
76.2
63.1
30
2
3
25
1
34
13
7
13.0
28
0
0
0
0
0
0
0
0
0.0
0 (0)
508
0
0
0
0
44
410
45
9
# 00
ED
17
854
316
410
128
85.0
79.3
73.8
83.4
60.9
64
13
18
33
0
53
20
5
6.4
48
1
13
11
84.6
104
9.5
71
46
0
0
0
100.0
2 (1)
822
11
0
20
1
0
0
0
822
# 08
ED
17
856
316
523
17
83.9
62.0
42.4
82.2
91.0
80
8
20
52
0
37
19
12
17.6
35
3
2
2
100.0
26
13.0
11
13
0
0
0
118.8
1 (0)
812
40
0
3
1
0
0
0
812
# 91
DI
17
750
265
477
8
83.2
70.8
29.2
84.6
59.5
55
8
7
40
3
27
13
12
23.1
27
0
1
0
0.0
0
0
0
1
0
0.0
3 (0)
748
2
0
0
0
47
607
76
18
# 37
S
10
634
234
26
374
75.1
74.5
72.9
63.1
72.9
7
1
1
5
2
46
15
7
10.3
16
1
44
30
68.2
326
10.9
103
39
2
1
7
95.5
5 (2)
32
90
84
423
5
0
0
0
32
# 51
LB
8
82
33
1
48
73.9
61.0
64.4
59.4
77.5
0
0
0
0
0
7
4
1
8.3
2
0
8
4
50.0
27
6.8
22
12
1
0
2
97.4
0 (0)
1
69
0
11
0
0
0
0
1
# 03
S
17
1,112
410
26
676
73.6
86.4
86.7
62.6
66.1
4
2
1
1
0
87
32
10
7.8
32
1
58
45
77.6
419
9.3
211
26
0
2
3
82.4
3 (2)
46
291
662
113
0
0
0
0
46
# 25
CB
3
39
11
1
27
73.2
72.0
73.6
50.3
73.6
1
0
0
1
0
3
1
1
20.0
1
0
3
2
66.7
14
7.0
4
8
0
0
0
77.1
0 (0)
0
5
0
33
0
0
0
0
0
# 19
WR
1
1
0
0
1
72.2
-
71.4
-
71.0
0
0
0
0
0
1
0
0
0.0
0
0
0
0
0
0
0
0
0
0.0
0 (0)
0
0
0
0
0
0
0
0
0
# 26
S
17
842
258
10
574
72.0
63.8
63.1
64.2
75.0
5
0
2
3
0
61
23
12
12.5
19
0
34
31
91.2
263
8.5
76
33
3
2
4
103.8
1 (0)
27
178
588
49
0
0
0
0
27
# 30
S
11
270
74
8
188
71.8
70.0
59.2
88.3
67.8
2
0
1
1
1
16
0
3
15.8
8
0
21
15
71.4
176
11.7
98
52
1
1
1
92.6
3 (0)
4
28
31
206
1
0
0
0
4
# 53
LB
17
1,017
402
71
544
71.3
75.5
64.4
62.3
64.4
11
2
3
6
1
93
34
17
11.8
50
4
62
50
80.6
521
10.4
336
35
3
1
3
111.1
0 (0)
130
771
4
109
3
0
0
0
130
# 94
ED
6
102
31
70
1
71.2
67.6
59.3
66.9
75.7
16
2
5
9
0
6
4
1
9.1
7
0
0
0
0
0
0
0
0
0.0
1 (0)
101
0
0
0
0
0
0
0
101
# 48
LB
16
673
315
24
334
70.0
71.4
64.8
73.3
63.8
6
0
1
5
0
62
16
10
11.4
27
0
37
28
75.7
228
8.1
108
27
0
0
1
90.8
1 (0)
5
638
0
29
1
0
0
0
5
# 34
S
2
4
3
0
1
69.3
60.0
-
-
60.7
0
0
0
0
0
0
0
0
0
0
0
0
0
0
0
0
0
0.0
0 (0)
0
0
2
1
0
0
0
0
0
# 10
ED
17
375
131
165
79
69.1
65.8
55.0
74.0
61.7
21
3
4
14
1
13
6
4
17.4
12
1
6
4
66.7
41
10.3
20
28
0
0
1
86.1
3 (0)
354
9
0
11
0
0
0
1
353
# 02
S
17
510
128
35
347
69.1
59.2
44.4
51.7
72.4
2
2
0
0
0
37
6
10
18.9
20
0
42
30
71.4
208
6.9
134
27
0
0
3
82.2
0 (0)
24
243
115
128
0
0
0
0
24
# 31
CB
12
458
163
2
293
68.8
70.7
63.2
54.1
67.3
0
0
0
0
0
21
3
3
11.1
8
0
38
22
57.9
247
11.2
84
32
3
1
5
92.8
2 (0)
5
33
0
0
420
0
0
0
5
# 90
DI
17
475
233
242
0
68.4
68.7
73.3
57.7
62.9
17
1
0
16
2
28
19
2
4.1
21
0
0
0
0
0
0
0
0
0.0
0 (0)
475
0
0
0
0
38
371
51
15
# 14
CB
17
819
310
3
506
66.3
57.1
57.0
53.5
66.9
1
0
0
1
0
34
8
5
10.6
9
0
70
41
58.6
483
11.8
158
38
5
3
3
85.6
2 (1)
11
30
0
34
744
0
0
0
11
# 21
CB
2
12
2
1
9
65.9
60.0
-
60.0
65.7
0
0
0
0
0
0
0
0
0
0
1
1
100.0
3
3.0
0
3
0
0
0
79.2
0 (0)
1
1
0
10
0
0
0
0
1
# 52
DI
16
126
57
69
0
61.7
64.6
73.8
55.3
-
3
2
0
1
0
3
3
0
0.0
3
0
0
0
0
0
0
0
0
0.0
0 (0)
126
0
0
0
0
1
55
50
20
# 20
HB
1
1
0
1
0
60.0
-
-
60.0
-
0
0
0
0
0
0
0
0
0
0
0
0
0
0
0
0
0
0.0
0 (0)
0
0
0
0
0
0
0
0
0
# 06
ED
12
112
46
51
15
59.9
67.2
75.6
55.3
51.9
2
0
0
2
0
3
2
0
0.0
1
0
4
4
100.0
24
6.0
17
11
0
0
0
91.7
0 (0)
107
0
0
5
0
0
0
0
107
# 55
DI
17
542
174
365
3
58.7
45.7
28.7
64.8
70.1
42
3
8
31
0
19
3
8
26.7
17
0
0
0
0
0
0
0
0
0.0
2 (1)
541
1
0
0
0
3
287
208
43
# 04
CB
6
174
68
0
106
54.6
60.9
28.3
-
52.7
0
0
0
0
0
7
1
4
33.3
2
0
16
11
68.8
188
17.1
43
43
1
1
0
103.1
1 (0)
1
33
0
0
139
0
0
0
1
# 01
CB
17
814
291
3
520
53.8
49.6
26.8
53.0
56.1
0
0
0
0
0
39
4
16
27.1
9
1
76
43
56.6
657
15.3
202
75
7
3
13
99.5
5 (1)
6
91
0
2
715
0
0
0
6
# 93
DI
1
9
0
9
0
49.5
-
68.1
49.5
60.0
0
0
0
0
0
1
0
0
0.0
0
0
0
0
0
0
0
0
0
0.0
0 (0)
8
0
0
0
0
0
1
7
0
# 57
DI
14
138
70
68
0
29.9
29.6
59.0
49.9
60.0
3
0
1
2
0
5
8
1
7.1
2
0
0
0
0
0
0
0
0
0.0
1 (0)
138
0
0
0
0
1
103
19
15
