1
Minkah Fitzpatrick
2
Jordyn Brooks
3
JuJu Brents
4
Rasul Douglas
5
Willie Gay
6
Jaelan Phillips
7
Cameron Goode
8
A.J. Green III
9
Ifeatu Melifonwu
10
Greg Dulcich
11
Zach Sieler
12
Jack Jones
13
Ollie Gordon II
13
Isaiah Johnson
13
Malik Washington
13
Nick Westbrook-Ikhine
17
Dante Trader Jr.
18
K.J. Britt
19
Quinton Bell
20
Kendall Sheffield
21
Jordan Phillips
22
Tyrel Dodson
23
Chop Robinson
24
Bradley Chubb
25
Derrick McLendon II
26
Ashtyn Davis
27
Ethan Bonner
28
Cornell Armstrong
29
Kenneth Grant
30
Benito Jones
31
Zeek Biggers
32
Matthew Judon
33
Matthew Butler
34
Storm Duck
35
Jason Marshall Jr.
36
Elijah Campbell
# 29
S
14
845
357
29
459
82.0
79.6
62.1
77.8
78.4
6
1
1
4
0
57
14
13
15.5
11
1
35
27
77.1
253
9.4
164
28
2
1
4
103.6
4 (1)
38
191
251
345
20
0
0
0
38
# 20
LB
17
985
415
83
487
77.9
92.0
90.4
75.0
52.7
16
4
0
12
0
124
56
8
4.3
60
1
82
71
86.6
682
9.6
439
55
3
0
2
113.5
3 (0)
105
780
1
88
11
0
0
0
105
# 32
CB
4
110
44
0
66
74.5
55.6
52.2
-
78.6
0
0
0
0
0
10
1
2
15.4
2
0
7
4
57.1
29
7.3
6
13
0
0
1
67.0
0 (0)
1
17
0
5
87
0
0
0
1
# 26
CB
15
851
346
8
497
72.7
61.8
57.2
82.0
72.6
3
1
1
1
0
47
16
8
11.3
22
1
75
41
54.7
410
10.0
142
36
3
2
9
72.6
5 (1)
16
81
0
36
718
0
0
0
16
# 40
LB
15
132
41
21
70
66.7
55.1
85.1
61.9
69.5
2
1
0
1
0
13
3
0
0.0
7
0
12
9
75.0
75
8.3
31
18
0
0
2
90.6
0 (0)
21
76
0
32
2
0
0
0
21
# 15
ED
9
402
175
181
46
66.5
51.1
48.0
77.8
62.0
32
3
4
25
0
17
8
5
16.7
16
0
10
9
90.0
85
9.4
61
16
0
0
1
102.1
2 (0)
385
11
0
6
0
1
6
11
367
# 53
ED
11
109
45
52
12
64.1
76.6
77.6
46.3
68.2
2
0
0
2
1
6
1
0
0.0
2
0
1
1
100.0
5
5.0
6
5
0
0
0
87.5
0 (0)
102
4
0
2
0
0
1
0
101
# 24
CB
1
8
5
0
3
64.0
60.0
-
-
62.9
0
0
0
0
0
0
0
0
0
0
0
0
0
0
0
0
0
0.0
0 (0)
0
2
0
0
6
0
0
0
0
# 09
S
16
549
203
28
318
62.9
57.5
54.2
61.4
63.5
5
1
0
4
0
43
7
10
16.7
8
0
20
19
95.0
167
8.8
101
24
3
1
0
120.2
0 (0)
19
199
260
68
2
0
0
0
19
# 85
TE
1
1
1
0
0
61.6
60.0
-
-
-
0
0
0
0
0
0
0
0
0
0
0
0
0
0
0
0
0
0.0
0 (0)
0
0
0
0
0
0
0
0
0
# 92
DI
17
780
297
471
12
60.7
69.1
48.3
54.0
58.0
32
5
4
23
1
30
11
6
12.8
23
0
1
1
100.0
7
7.0
1
7
0
0
0
95.8
3 (0)
780
0
0
0
0
15
478
184
103
# 23
CB
17
980
403
5
572
60.2
77.8
36.4
84.9
54.7
2
0
0
2
0
60
18
18
18.8
25
2
54
35
64.8
354
10.1
149
36
6
1
1
112.7
9 (2)
22
62
0
17
879
0
0
0
22
# 31
HB
1
1
1
0
0
60.0
60.0
-
-
-
0
0
0
0
0
0
0
0
0
0
0
0
0
0
0
0
0
0.0
0 (0)
0
0
0
0
0
0
0
0
0
# 46
CB
1
3
3
0
0
60.0
60.0
-
-
-
0
0
0
0
0
0
0
0
0
0
0
0
0
0
0
0
0
0.0
0 (0)
1
2
0
0
0
0
0
0
1
# 06
WR
1
1
1
0
0
60.0
60.0
-
-
-
0
0
0
0
0
0
0
0
0
0
0
0
0
0
0
0
0
0.0
0 (0)
0
0
0
0
0
0
0
0
0
# 18
WR
1
1
1
0
0
60.0
60.0
-
-
-
0
0
0
0
0
0
0
0
0
0
0
0
0
0
0
0
0
0.0
0 (0)
0
0
0
0
0
0
0
0
0
# 11
S
16
420
155
10
255
59.0
80.2
54.0
38.1
52.8
3
0
0
3
0
35
10
9
16.7
8
0
18
16
88.9
197
12.3
135
42
1
0
1
130.8
1 (0)
3
129
201
84
2
0
0
0
3
# 03
LB
11
149
61
6
82
58.7
79.2
74.8
48.5
44.6
1
0
1
0
0
14
9
2
8.0
8
0
8
7
87.5
51
7.3
30
9
1
0
0
132.8
0 (0)
2
141
0
4
1
0
0
0
2
# 56
ED
5
114
39
57
18
58.6
59.5
30.7
54.5
74.4
6
0
1
5
0
2
2
2
33.3
1
0
2
1
50.0
2
2.0
3
2
0
0
0
56.3
1 (0)
110
3
0
1
0
0
0
3
107
# 41
CB
2
22
6
0
16
56.9
47.4
73.0
-
75.7
0
0
0
0
0
1
0
0
0.0
1
0
1
1
100.0
6
6.0
3
6
0
0
0
91.7
0 (0)
0
3
0
18
1
0
0
0
0
# 94
DI
17
465
279
186
0
55.7
53.4
31.1
55.3
62.7
7
0
1
6
0
25
12
5
11.9
18
0
0
0
0
0
0
0
0
0.0
0 (0)
465
0
0
0
0
121
337
7
0
# 25
LB
16
910
379
64
467
55.3
66.1
64.7
66.2
45.4
16
5
2
9
0
93
29
13
9.6
49
1
64
52
81.3
576
11.1
326
59
2
1
2
108.1
3 (1)
24
810
2
63
11
0
0
0
24
# 44
ED
15
417
150
241
26
54.8
59.0
41.7
59.4
54.4
19
4
1
14
0
15
3
5
21.7
15
1
4
4
100.0
37
9.3
7
17
1
0
0
144.8
4 (2)
417
0
0
0
0
0
9
6
402
# 02
ED
17
766
308
393
65
54.6
57.3
28.8
60.4
30.0
48
8
9
31
0
28
11
17
30.4
23
1
10
10
100.0
172
17.2
75
34
0
0
0
118.8
3 (0)
763
3
0
0
0
0
8
22
733
# 59
ED
1
19
10
9
0
52.4
51.9
-
58.5
-
0
0
0
0
0
0
0
0
0
0
0
0
0
0
0
0
0
0.0
0 (0)
19
0
0
0
0
0
0
1
18
# 21
S
14
713
288
12
413
50.7
48.4
39.0
54.1
52.2
2
0
0
2
0
52
12
17
21.0
16
1
31
24
77.4
254
10.6
78
29
2
1
2
108.8
0 (0)
11
222
421
56
3
0
0
0
11
# 27
CB
9
91
37
0
54
50.4
51.5
28.2
-
50.7
0
0
0
0
0
4
3
4
36.4
1
0
8
4
50.0
82
20.5
14
35
1
1
1
86.5
0 (0)
0
13
0
0
77
0
0
0
0
# 38
CB
3
63
13
3
47
49.4
63.7
29.9
52.3
48.1
0
0
0
0
0
2
0
1
33.3
0
0
4
3
75.0
38
12.7
43
15
1
0
0
143.8
0 (0)
1
4
0
57
1
0
0
0
1
# 90
DI
17
554
218
332
4
48.5
41.1
56.3
57.6
58.9
29
3
3
23
1
24
4
2
6.7
20
0
1
1
100.0
6
6.0
1
6
0
0
0
91.7
0 (0)
554
0
0
0
0
60
428
54
12
# 95
DI
14
261
149
110
2
47.0
45.9
28.4
58.4
57.8
5
1
0
4
1
8
6
3
17.6
8
0
0
0
0
0
0
0
0
0.0
2 (0)
261
0
0
0
0
88
171
2
0
# 93
DI
9
214
77
135
2
44.0
45.0
40.9
45.7
66.0
8
2
1
5
0
8
10
3
14.3
7
0
0
0
0
0
0
0
0
0.0
0 (0)
214
0
0
0
0
9
129
33
43
# 08
ED
13
337
149
151
37
43.4
54.6
45.5
47.9
29.8
10
0
3
7
0
11
6
3
15.0
5
0
7
6
85.7
70
11.7
47
22
0
0
0
108.3
0 (0)
323
8
0
6
0
0
5
2
316
# 91
DI
12
215
108
104
3
43.3
47.2
50.9
53.6
57.0
7
0
1
6
0
9
6
3
16.7
4
0
0
0
0
0
0
0
0
0.0
2 (0)
215
0
0
0
0
2
118
63
32
# 36
CB
2
44
17
0
27
42.2
64.4
75.4
-
38.4
0
0
0
0
0
1
1
0
0.0
0
0
6
4
66.7
72
18.0
9
27
1
0
0
147.2
0 (0)
3
4
0
1
36
0
0
0
3
# 33
CB
12
243
64
19
160
40.8
46.7
41.9
48.0
41.6
1
0
1
0
0
16
4
6
23.1
9
0
28
20
71.4
262
13.1
159
33
2
1
3
109.5
2 (0)
9
14
2
179
38
0
0
0
9
# 22
S
3
16
6
1
9
29.8
60.0
24.2
60.0
35.0
0
0
0
0
0
0
0
2
100.0
0
0
1
1
100.0
17
17.0
11
17
0
0
0
118.8
0 (0)
0
3
10
3
0
0
0
0
0
