1
Jaylan Ford
2
Julian Blackmon
3
Demario Davis
4
Terrell Burgess
5
Chase Young
6
Michael Davis
6
Cameron Jordan
8
Jordan Howden
9
Danny Stutsman
10
Kool-Aid McKinstry
11
Isaiah Stalbird
12
Justin Reid
13
Carl Granderson
14
Alontae Taylor
15
Chris Rumph II
16
Jonas Sanker
17
Nathan Shepherd
18
Quincy Riley
19
Vernon Broughton
20
Ugo Amadi
21
Jonathan Bullard
22
Pete Werner
23
Khristian Boyd
24
Bryan Bresee
25
Davon Godchaux
26
Isaac Yiadom
27
John Ridgeway
28
Jonah Williams
29
Fadil Diggs
# 53
LB
1
7
0
0
7
82.9
-
72.5
-
79.1
0
0
0
0
0
1
1
0
0.0
1
0
1
1
100.0
4
4.0
0
4
0
0
0
83.3
0 (0)
1
5
0
1
0
0
0
0
1
# 23
S
1
66
24
0
42
82.4
69.2
83.7
-
76.6
0
0
0
0
0
4
2
0
0.0
3
0
3
2
66.7
7
3.5
10
4
0
0
0
70.1
0 (0)
0
17
42
6
1
0
0
0
0
# 56
LB
17
1,079
492
70
517
81.7
89.3
68.9
57.4
70.4
13
1
1
11
1
99
37
16
10.5
55
2
48
45
93.8
364
8.1
277
22
2
0
2
112.2
2 (0)
104
942
0
32
1
0
0
0
104
# 26
S
16
115
56
1
58
79.5
80.1
76.3
59.0
71.4
0
0
0
0
0
13
2
1
6.3
1
0
5
2
40.0
40
20.0
9
29
0
0
4
68.8
0 (0)
0
37
58
17
3
0
0
0
0
# 99
ED
12
542
224
285
33
78.0
63.6
44.7
86.3
49.6
49
12
2
35
2
21
5
6
18.8
29
2
4
4
100.0
61
15.3
40
36
0
0
0
118.8
3 (1)
542
0
0
0
0
0
0
0
542
# 43
CB
2
8
2
0
6
76.0
60.0
-
-
76.0
0
0
0
0
0
0
0
0
0
0
1
0
0.0
0
0
0
0
0
39.6
0 (0)
0
1
0
4
3
0
0
0
0
# 94
ED
17
589
235
336
18
76.0
82.1
73.0
59.5
76.9
36
10
5
21
2
31
8
3
7.1
33
1
3
3
100.0
21
7.0
19
12
0
0
0
95.8
0 (0)
588
0
0
1
0
0
0
4
584
# 31
S
14
259
102
4
153
73.2
85.5
72.5
52.1
66.6
2
0
0
2
0
20
5
2
7.4
11
0
9
7
77.8
49
7.0
45
15
0
0
0
89.4
1 (0)
1
105
121
31
1
0
0
0
1
# 28
LB
13
204
104
13
87
71.5
74.5
59.5
56.6
62.7
2
0
0
2
0
30
6
5
12.2
13
0
10
9
90.0
55
6.1
45
10
0
0
0
89.6
0 (0)
10
186
0
8
0
0
0
0
10
# 04
CB
17
1,075
477
1
597
69.5
60.3
44.8
59.1
71.4
0
0
0
0
0
67
10
13
14.4
15
0
84
49
58.3
676
13.8
169
49
8
3
12
101.1
5 (1)
5
157
1
25
887
0
0
0
5
# 44
LB
10
63
11
14
38
67.2
75.5
37.4
76.8
51.0
6
2
1
3
1
3
3
3
33.3
4
0
3
1
33.3
9
9.0
4
9
0
0
0
42.4
0 (0)
20
42
0
1
0
0
0
0
20
# 21
S
15
832
377
13
442
66.7
77.0
57.0
75.2
59.2
3
1
0
2
1
53
17
11
13.6
19
0
33
25
75.8
176
7.0
124
18
1
1
2
84.9
2 (0)
54
308
343
118
9
0
0
0
54
# 96
ED
17
763
323
338
102
65.7
65.2
43.1
61.5
68.5
39
7
4
28
1
38
12
12
19.4
31
0
15
12
80.0
123
10.3
95
32
1
1
1
95.3
3 (0)
746
3
0
14
0
0
3
2
741
# 01
CB
17
1,056
471
44
541
63.1
56.3
63.9
54.7
66.8
7
2
1
4
0
71
7
11
12.4
33
0
90
62
68.9
597
9.6
332
43
8
2
6
107.5
4 (0)
24
170
1
566
295
0
0
0
24
# 58
ED
17
330
179
91
60
62.9
67.8
62.3
57.5
51.6
11
2
2
7
0
23
9
3
8.6
16
1
5
5
100.0
64
12.8
50
21
0
0
0
118.8
0 (0)
321
1
0
8
0
0
0
0
321
# 33
S
17
976
449
2
525
62.5
73.7
31.1
56.8
55.6
1
0
0
1
0
57
22
17
17.7
14
0
24
14
58.3
179
12.8
47
53
1
2
4
60.9
1 (0)
4
268
649
54
1
0
0
0
4
# 93
DI
16
695
303
390
2
62.3
55.7
46.7
67.4
64.8
26
3
7
16
0
29
16
6
11.8
22
1
0
0
0
0
0
0
0
0.0
3 (0)
695
0
0
0
0
114
463
82
36
# 29
CB
15
592
207
0
385
61.1
61.4
51.6
-
61.1
0
0
0
0
0
28
8
6
14.3
12
1
51
30
58.8
415
13.8
121
37
3
1
8
96.4
3 (1)
0
14
0
8
570
0
0
0
0
# 91
DI
1
24
10
13
1
60.1
67.9
70.1
51.5
59.5
0
0
0
0
0
0
3
0
0.0
0
0
0
0
0
0
0
0
0
0.0
0 (0)
24
0
0
0
0
2
13
4
5
# 00
CB
1
1
1
0
0
60.0
60.0
-
-
-
0
0
0
0
0
0
0
0
0
0
0
0
0
0
0
0
0
0.0
0 (0)
0
1
0
0
0
0
0
0
0
# 98
DI
15
326
209
116
1
58.9
63.9
77.6
52.0
60.4
3
0
0
3
2
20
6
0
0.0
15
0
0
0
0
0
0
0
0
0.0
2 (0)
326
0
0
0
0
0
130
126
70
# 20
LB
17
683
303
48
332
57.2
66.8
46.8
53.0
49.5
6
1
0
5
0
62
18
15
15.8
30
0
38
28
73.7
346
12.4
181
42
1
0
2
110.2
0 (0)
34
613
0
33
3
0
0
0
34
# 97
DI
4
77
41
36
0
55.4
55.0
71.3
56.5
-
2
0
1
1
0
1
4
0
0.0
0
0
0
0
0
0
0
0
0
0.0
0 (0)
77
0
0
0
0
28
49
0
0
# 90
DI
15
667
294
371
2
52.9
46.2
27.3
62.5
63.5
30
3
5
22
3
22
8
9
23.1
18
1
0
0
0
0
0
0
0
0.0
3 (0)
667
0
0
0
0
16
368
191
92
# 92
DI
17
455
278
177
0
50.5
47.5
59.0
64.1
-
9
0
3
6
0
29
12
2
4.7
16
1
0
0
0
0
0
0
0
0.0
2 (0)
455
0
0
0
0
314
141
0
0
# 27
CB
6
147
48
0
99
50.3
29.7
62.3
-
54.9
0
0
0
0
0
10
4
1
6.7
4
0
16
12
75.0
141
11.8
43
29
0
0
0
101.3
1 (0)
1
8
0
1
137
0
0
0
1
# 95
DI
4
73
45
28
0
42.7
44.7
54.1
51.4
-
2
0
1
1
0
6
4
1
9.1
5
0
0
0
0
0
0
0
0
0.0
0 (0)
73
0
0
0
0
11
60
2
0
# 54
DI
15
319
156
162
1
41.6
34.3
40.8
58.1
62.3
11
3
2
6
0
8
8
2
11.1
8
0
0
0
0
0
0
0
0
0.0
1 (0)
319
0
0
0
0
6
207
80
26
# 40
ED
5
54
35
14
5
29.1
43.6
-
51.2
43.1
0
0
0
0
0
0
0
0
0
0
1
1
100.0
9
9.0
6
9
0
0
0
104.2
2 (0)
54
0
0
0
0
0
0
1
53
