1
Brian Burns
2
Dexter Lawrence
3
Abdul Carter
4
Chris Board
5
Elijah Garcia
6
Jarrick Bernard-Converse
7
Kayvon Thibodeaux
8
Cor'Dale Flott
8
Victor Dimukeje
10
Neville Hewitt
11
Chauncey Golston
12
Micah McFadden
13
Raheem Layne
14
Dru Phillips
15
Dane Belton
16
Casey Rogers
17
Beau Brade
18
Jevon Holland
18
Paulson Adebo
20
Tyler Nubin
21
Bobby Okereke
22
Tomon Fox
23
Rico Payton
24
Darius Muasau
25
Roy Robertson-Harris
26
Rakeem Nunez-Roches
27
Korie Black
28
D.J. Davidson
29
Zaire Barnes
30
Demetrius Flannigan-Fowles
31
Nic Jones
32
Elijah Chatman
33
Darius Alexander
34
Deonte Banks
35
Swayze Bozeman
# 00
ED
17
863
313
471
79
75.8
59.8
57.8
71.5
83.1
53
15
14
24
7
39
14
10
15.9
42
1
11
11
100.0
113
10.3
85
36
0
0
0
109.5
1 (0)
779
65
0
19
0
0
0
3
776
# 97
DI
17
754
272
482
0
75.6
57.1
57.4
84.5
67.0
34
0
7
27
2
22
12
2
5.6
16
0
0
0
0
0
0
1
0
0.0
5 (0)
750
4
0
0
0
373
293
84
0
# 51
ED
17
844
303
507
34
74.7
54.4
29.7
84.5
68.1
66
5
18
43
0
27
9
10
21.7
20
2
2
2
100.0
38
19.0
20
27
0
0
0
118.8
7 (2)
740
97
0
7
0
0
4
28
708
# 49
LB
1
14
8
1
5
73.9
57.8
76.1
60.0
78.4
0
0
0
0
0
1
1
0
0.0
1
0
1
1
100.0
3
3.0
2
3
0
0
0
79.2
0 (0)
0
14
0
0
0
0
0
0
0
# 90
DI
4
44
22
22
0
71.8
72.6
72.2
60.2
-
1
1
0
0
0
2
1
0
0.0
2
0
0
0
0
0
0
0
0
0.0
0 (0)
44
0
0
0
0
0
2
24
18
# 35
CB
3
18
15
0
3
69.3
68.5
76.5
-
64.9
0
0
0
0
0
3
0
0
0.0
1
0
0
0
0
0
0
0
0
0.0
0 (0)
0
4
0
0
14
0
0
0
0
# 05
ED
10
494
162
324
8
66.0
80.7
27.9
58.0
42.5
32
3
6
23
0
20
2
9
29.0
19
0
4
4
100.0
30
7.5
18
16
1
0
0
137.5
3 (1)
492
2
0
0
0
0
6
55
431
# 28
CB
14
798
297
1
500
65.6
48.4
44.6
58.5
68.1
0
0
0
0
0
32
5
7
15.9
6
1
66
35
53.0
440
12.6
115
36
1
1
8
72.8
2 (0)
4
79
3
47
665
0
0
0
4
# 52
ED
3
16
11
4
1
65.6
48.8
70.5
54.7
60.0
1
0
0
1
0
0
1
0
0.0
0
0
1
0
0.0
0
0
0
0
1
39.6
0 (0)
16
0
0
0
0
0
0
0
16
# 47
LB
1
6
2
1
3
64.5
61.2
-
58.3
61.9
0
0
0
0
0
0
0
0
0
0
0
0
0
0
0
0
0
0.0
0 (0)
1
5
0
0
0
0
0
0
1
# 57
ED
10
173
73
91
9
64.4
72.4
66.0
54.6
56.3
5
1
0
4
0
10
3
1
7.1
10
0
1
1
100.0
11
11.0
4
11
0
0
0
112.5
0 (0)
173
0
0
0
0
0
2
9
162
# 41
LB
1
11
5
0
6
64.1
58.2
75.0
-
65.6
1
0
1
0
0
1
1
0
0.0
0
0
0
0
0
0
0
0
0
0.0
0 (0)
0
11
0
0
0
0
0
0
0
# 43
S
3
105
43
2
60
63.4
48.0
30.5
56.6
67.6
0
0
0
0
0
8
0
3
27.3
4
0
3
2
66.7
16
8.0
15
9
0
0
0
79.9
0 (0)
5
28
62
10
0
0
0
0
5
# 22
CB
17
729
217
17
495
63.0
58.0
56.6
57.3
65.4
4
0
0
4
0
59
5
10
13.5
32
0
76
56
73.7
543
9.7
278
33
3
2
8
95.4
10 (1)
7
87
4
605
26
0
0
0
7
# 24
S
17
705
243
18
444
62.5
71.1
90.6
52.5
59.9
2
1
0
1
0
67
28
4
4.0
16
2
38
26
68.4
256
9.8
115
51
3
1
4
102.5
3 (0)
14
272
278
124
17
0
0
0
14
# 99
DI
1
2
2
0
0
62.2
60.8
-
-
-
0
0
0
0
0
0
0
0
0
0
0
0
0
0
0
0
0
0.0
0 (0)
2
0
0
0
0
1
1
0
0
# 34
S
1
1
0
0
1
60.0
-
-
-
60.0
0
0
0
0
0
0
0
0
0
0
0
0
0
0
0
0
0
0.0
0 (0)
0
0
1
0
0
0
0
0
0
# 08
S
14
835
315
8
512
58.4
73.8
73.7
52.7
53.0
2
0
0
2
0
43
14
7
10.9
9
0
31
18
58.1
263
14.6
83
36
2
1
3
93.9
4 (1)
20
190
535
85
5
0
0
0
20
# 21
CB
12
759
294
1
464
58.4
56.8
65.8
60.0
57.9
0
0
0
0
0
64
7
7
9.0
11
0
72
48
66.7
533
11.1
164
33
2
1
5
92.0
3 (0)
9
56
1
29
664
0
0
0
9
# 27
S
13
811
310
26
475
57.2
47.1
48.1
67.2
60.0
4
0
0
4
1
57
17
15
16.9
20
0
35
27
77.1
286
10.6
188
87
2
0
1
119.5
1 (0)
15
315
348
115
18
0
0
0
15
# 58
LB
17
1,104
433
47
624
56.7
46.2
50.2
65.9
65.3
10
1
2
7
0
103
37
21
13.0
47
0
61
47
77.0
407
8.7
246
22
2
2
4
91.4
3 (1)
24
1,015
10
48
7
0
0
0
24
# 45
ED
8
75
41
32
2
56.4
57.3
74.4
53.0
63.6
2
0
0
2
0
2
1
0
0.0
0
0
0
0
0
0
0
0
0
0.0
0 (0)
75
0
0
0
0
0
1
0
74
# 36
CB
2
35
17
0
18
55.6
62.2
46.4
-
53.5
0
0
0
0
0
5
2
2
22.2
1
0
4
2
50.0
5
2.5
16
4
0
0
1
56.3
2 (0)
0
0
0
2
33
0
0
0
0
# 53
LB
12
453
224
25
204
52.1
49.8
55.7
66.9
53.9
7
1
1
5
0
31
10
6
12.8
16
0
19
14
73.7
123
8.8
110
23
1
0
1
108.0
0 (0)
18
419
0
12
4
0
0
0
18
# 95
DI
17
627
316
307
4
51.8
50.6
57.7
56.8
53.4
21
0
9
12
1
25
7
5
13.5
19
0
0
0
0
0
0
0
0
0.0
3 (1)
626
1
0
0
0
39
316
152
119
# 93
DI
9
242
132
110
0
51.3
48.9
63.8
65.1
60.0
8
3
1
4
1
11
6
1
5.6
10
0
0
0
0
0
0
0
0
0.0
1 (0)
242
0
0
0
0
15
160
48
19
# 38
CB
6
184
75
0
109
51.0
66.8
86.0
-
46.4
0
0
0
0
0
13
5
0
0.0
4
0
12
10
83.3
224
22.4
78
40
3
0
1
158.3
1 (0)
0
33
0
5
146
0
0
0
0
# 98
DI
15
256
134
122
0
50.5
47.2
72.6
56.7
-
7
0
0
7
1
8
2
0
0.0
6
0
0
0
0
0
0
0
0
0.0
0 (0)
256
0
0
0
0
149
97
10
0
# 46
LB
3
93
39
6
48
48.9
49.4
31.1
72.5
49.6
2
1
0
1
0
13
1
4
22.2
11
0
12
9
75.0
68
7.6
66
20
1
0
0
116.0
0 (0)
1
81
0
10
1
0
0
0
1
# 33
LB
7
225
90
14
121
47.7
47.4
55.1
68.1
48.9
4
1
1
2
0
16
9
4
13.8
9
0
17
14
82.4
145
10.4
67
21
0
0
0
102.2
0 (0)
6
181
2
34
2
0
0
0
6
# 31
CB
4
20
4
0
16
47.1
41.1
78.5
-
53.9
0
0
0
0
0
2
1
0
0.0
0
0
3
2
66.7
39
19.5
3
30
0
0
0
109.7
0 (0)
0
5
1
13
1
0
0
0
0
# 94
DI
5
83
48
35
0
46.8
40.9
70.1
64.1
-
1
0
0
1
0
3
0
0
0.0
1
0
0
0
0
0
0
0
0
0.0
0 (0)
83
0
0
0
0
1
59
17
6
# 91
DI
16
394
135
258
1
42.9
30.3
32.6
54.9
69.6
15
4
2
9
1
12
6
4
18.2
12
0
0
0
0
0
0
0
0
0.0
0 (0)
393
1
0
0
0
15
234
134
10
# 02
CB
14
459
176
1
282
42.4
36.7
52.3
67.3
45.0
0
0
0
0
1
28
2
4
11.8
9
0
32
26
81.3
334
12.8
58
36
4
0
1
149.7
7 (3)
10
34
1
24
390
0
0
0
10
# 54
LB
3
35
15
2
18
38.8
50.3
75.5
57.9
42.8
0
0
0
0
0
0
3
0
0.0
0
0
5
3
60.0
31
10.3
22
17
0
0
0
77.9
0 (0)
0
34
0
1
0
0
0
0
0
