1
Breece Hall
2
Quentin Skinner
3
Malachi Moore
4
Armand Membou
5
Garrett Wilson
6
Max Mitchell
7
Austin McNamara
8
Olumuyiwa Fashanu
9
Isaiah Davis
10
Justin Fields
11
Andrew Beck
12
Joe Tippmann
13
Kene Nwangwu
14
Khalil Herbert
15
Josh Reynolds
16
Isaiah Williams
17
Tyrod Taylor
18
Qwan'tez Stiggers
18
Kobe King
18
Jarius Monroe
18
Cam Jones
18
Mykal Walker
18
Isaiah Oliver
18
Thomas Hennessy
25
Mason Taylor
26
Adonai Mitchell
27
Tyler Johnson
28
John Metchie III
29
John Simpson
30
Jeremy Ruckert
31
Stone Smartt
32
Brandon Smith
33
Josh Myers
34
Braelon Allen
35
Allen Lazard
36
Arian Smith
37
Jelani Woods
38
Xavier Newman
39
Brady Cook
# 20
HB
16
640
269
80
247
44
83.5
75.2
45.8
83.7
68.1
1 (0)
# 88
WR
1
16
10
0
0
6
82.8
81.9
-
-
48.2
0 (0)
# 27
S
2
2
1
0
0
1
73.6
90.3
-
-
60.0
0 (0)
# 70
T
17
1,045
0
639
0
406
72.8
-
73.8
-
72.2
11 (3)
# 05
WR
7
381
242
0
0
139
72.5
72.1
-
-
58.1
2 (1)
# 61
T
14
73
2
19
0
52
69.6
53.5
27.8
-
78.9
1 (0)
# 14
P
3
4
1
0
0
3
69.5
66.9
-
-
59.7
0 (0)
# 74
T
17
1,038
0
634
0
404
69.2
-
74.5
-
57.1
3 (1)
# 32
HB
16
288
165
62
43
18
69.0
72.0
56.6
69.4
57.6
0 (0)
# 07
QB
9
499
278
0
45
176
67.3
65.5
-
65.8
60.0
3 (0)
# 47
FB
17
112
30
6
1
75
66.1
72.5
20.3
62.4
57.7
0 (0)
# 66
G
17
1,045
0
639
0
406
66.0
-
69.0
-
66.8
7 (0)
# 34
HB
4
30
13
2
13
2
63.6
52.1
6.1
70.0
60.0
0 (0)
# 31
HB
3
50
19
12
16
3
61.8
31.9
77.0
67.3
60.0
0 (0)
# 83
WR
5
271
172
0
0
99
61.6
61.8
-
-
50.8
0 (0)
# 18
WR
11
328
219
1
3
105
61.3
61.6
62.4
62.8
57.5
1 (0)
# 02
QB
6
251
178
0
5
68
60.7
58.2
-
65.9
60.0
2 (0)
# 37
CB
1
1
0
0
0
1
60.0
-
-
-
60.0
0 (0)
# 45
LB
2
3
0
1
0
2
60.0
-
62.7
-
60.0
0 (0)
# 25
S
1
2
0
1
0
1
60.0
-
63.8
-
60.0
0 (0)
# 43
LB
1
2
0
1
0
1
60.0
-
62.7
-
60.0
0 (0)
# 53
LB
2
3
0
1
0
2
60.0
-
62.7
-
60.0
0 (0)
# 26
S
1
1
0
0
0
1
60.0
-
-
-
60.0
0 (0)
# 42
LS
2
3
0
1
0
2
60.0
-
61.5
-
60.0
0 (0)
# 85
TE
13
653
374
46
0
233
59.6
60.0
35.7
-
63.1
5 (3)
# 15
WR
8
373
252
0
1
120
58.5
58.5
-
56.6
56.8
0 (0)
# 16
WR
12
292
174
2
0
116
58.4
60.0
24.4
-
55.8
1 (0)
# 03
WR
9
413
247
1
3
162
57.1
58.1
68.1
48.4
50.9
1 (0)
# 76
G
17
1,014
0
618
0
396
56.9
-
62.0
-
56.7
10 (0)
# 89
TE
17
496
195
50
0
251
56.5
55.0
51.6
-
59.0
3 (0)
# 84
TE
8
84
56
7
0
21
56.0
60.3
22.4
-
49.6
0 (0)
# 87
WR
1
8
3
0
0
5
55.8
56.0
-
-
60.6
0 (0)
# 71
C
17
1,046
0
640
0
406
52.9
-
62.9
-
51.7
7 (1)
# 00
HB
4
58
22
6
20
10
50.1
41.9
83.9
49.8
69.1
0 (0)
# 10
WR
10
250
171
2
0
77
49.8
52.0
76.2
-
38.0
2 (0)
# 82
WR
16
378
257
1
4
116
48.4
48.8
65.6
61.5
54.3
2 (1)
# 86
TE
4
60
20
4
0
36
47.3
49.7
73.0
-
48.7
0 (0)
# 65
G
4
31
0
21
0
10
46.0
-
28.5
-
53.2
0 (0)
# 04
QB
5
295
184
0
7
104
32.4
32.7
-
50.4
60.0
1 (0)
