1
Jaylen Warren
2
Dylan Cook
3
Connor Heyward
3
Isaac Seumalo
5
Kenneth Gainwell
6
Zach Frazier
7
D.K. Metcalf
8
Darnell Washington
8
Mason McCormick
10
Ryan McCollum
11
Aaron Rodgers
12
Pat Freiermuth
12
Ben Skowronek
14
Troy Fautanu
15
Trey Sermon
15
Jalen Ramsey
15
Cameron Heyward
18
Roman Wilson
19
Scott Miller
20
Adam Thielen
21
Broderick Jones
22
Spencer Anderson
23
Calvin Anderson
24
Calvin Austin III
25
Ke'Shawn Williams
26
Mason Rudolph
27
Andrus Peat
28
Marquez Valdes-Scantling
29
Jonnu Smith
30
Kaleb Johnson
# 30
HB
16
489
220
37
215
17
81.4
84.4
70.7
76.6
54.1
0 (0)
# 60
T
5
291
0
187
0
104
76.0
-
80.7
-
67.4
1 (0)
# 83
TE
16
90
20
7
14
49
74.8
61.7
57.7
82.1
55.3
0 (0)
# 73
G
14
770
0
465
0
305
74.8
-
78.5
-
68.2
0 (0)
# 14
HB
17
516
351
26
114
25
73.7
73.1
68.7
74.5
56.6
2 (0)
# 54
C
17
1,028
0
634
0
394
73.5
-
74.7
-
71.6
3 (0)
# 04
WR
15
777
494
0
1
282
72.6
74.8
-
56.6
49.7
8 (0)
# 80
TE
16
546
224
55
0
267
71.0
65.1
68.4
-
73.1
1 (0)
# 66
G
17
1,031
0
634
0
397
71.0
-
71.5
-
66.6
1 (0)
# 62
C
3
8
0
2
0
6
69.0
-
72.7
-
67.6
0 (0)
# 08
QB
16
918
574
0
9
335
68.7
69.5
-
42.7
60.6
5 (0)
# 88
TE
17
522
353
10
0
159
67.4
68.5
76.7
-
53.8
3 (0)
# 15
WR
16
159
58
4
0
97
67.4
61.9
76.0
-
78.2
0 (0)
# 76
T
17
1,031
0
634
0
397
66.6
-
70.9
-
56.3
3 (1)
# 37
HB
1
1
0
0
0
1
60.0
-
-
-
60.0
0 (0)
# 05
S
6
10
0
0
0
10
60.0
-
-
-
60.0
0 (0)
# 97
DI
1
3
0
0
0
3
60.0
-
-
-
60.0
0 (0)
# 10
WR
13
253
164
0
0
89
59.8
58.7
-
-
64.6
0 (0)
# 13
WR
13
158
109
0
0
49
58.3
60.8
-
-
32.0
0 (0)
# 16
WR
5
202
132
1
0
69
58.2
60.2
62.3
-
34.6
0 (0)
# 77
T
11
632
0
380
0
252
57.7
-
59.0
-
50.6
1 (0)
# 74
G
16
381
12
182
0
187
56.8
46.3
60.7
-
59.6
2 (0)
# 67
T
1
23
0
15
0
8
56.1
-
42.8
-
62.5
0 (0)
# 19
WR
14
446
326
0
0
120
54.8
55.7
-
-
53.9
2 (0)
# 85
WR
4
9
7
0
0
2
54.2
55.0
-
-
60.0
0 (0)
# 02
QB
5
113
60
0
6
47
52.5
50.3
-
69.1
60.5
1 (0)
# 71
T
6
149
0
81
0
68
50.4
-
59.1
-
52.8
3 (0)
# 11
WR
5
198
153
0
0
45
47.4
49.2
-
-
34.6
1 (0)
# 81
TE
17
536
327
18
9
182
46.9
49.7
54.5
68.0
42.7
5 (1)
# 20
HB
10
51
16
2
29
4
40.2
38.9
8.4
49.5
60.0
1 (0)
