1
Cameron Heyward
2
Nick Herbig
3
James Pierre
4
Alex Highsmith
5
T.J. Watt
6
Daniel Ekuale
7
Cole Holcomb
8
Brandin Echols
9
Chuck Clark
10
DeShon Elliott
11
Joey Porter Jr.
12
Asante Samuel Jr.
13
Jalen Ramsey
14
Jabrill Peppers
15
Carson Bruener
16
Daryl Porter Jr.
17
Ke'Shawn Williams
17
Trey Sermon
17
Connor Heyward
17
Ben Skowronek
21
Keeanu Benton
22
Darius Slay
23
DeMarvin Leal
24
Malik Harrison
25
Logan Lee
26
Payton Wilson
27
Derrick Harmon
28
Kyle Dugger
29
Jack Sawyer
30
Yahya Black
30
Esezi Otomewo
32
Patrick Queen
33
Juan Thornhill
34
Isaiahh Loudermilk
35
Jeremiah Moon
36
Brodric Martin-Rhodes
# 97
DI
17
822
311
507
4
90.4
84.3
75.3
84.9
67.4
50
4
6
40
5
52
20
2
2.7
41
1
0
0
0
0
0
0
0
0.0
4 (1)
820
2
0
0
0
26
415
334
45
# 51
ED
15
610
208
352
50
86.8
71.4
48.3
87.2
68.7
47
8
13
26
0
14
6
7
25.9
20
2
10
8
80.0
89
11.1
44
24
0
1
2
64.2
3 (0)
583
18
0
9
0
0
1
4
578
# 42
CB
10
377
142
0
235
85.4
59.1
34.4
-
88.1
0
0
0
0
0
21
6
7
20.6
8
0
33
14
42.4
142
10.1
73
25
1
1
9
52.8
0 (0)
3
10
1
5
357
0
0
0
3
# 56
ED
13
634
240
327
67
82.9
82.1
68.1
79.6
56.4
44
10
9
25
1
34
10
6
12.0
32
1
13
9
69.2
80
8.9
47
26
0
0
2
85.4
3 (0)
625
5
0
4
0
0
0
2
623
# 90
ED
14
811
302
466
43
74.2
69.3
47.3
75.5
61.1
46
8
13
25
6
27
19
8
14.8
28
2
5
5
100.0
42
8.4
35
17
0
2
0
62.1
6 (0)
805
3
0
3
0
0
0
2
803
# 96
DI
7
72
28
43
1
73.3
66.6
32.9
70.2
60.0
6
0
1
5
1
4
3
1
12.5
4
0
0
0
0
0
0
0
0
0.0
0 (0)
72
0
0
0
0
14
43
11
4
# 55
LB
8
198
95
18
85
72.6
74.7
64.3
54.1
65.6
2
0
0
2
0
24
5
3
9.4
11
1
8
8
100.0
79
9.9
37
24
0
0
0
107.8
0 (0)
12
174
0
9
3
0
0
0
12
# 26
CB
16
523
146
12
365
72.1
58.4
53.2
60.2
73.3
3
1
1
1
0
41
4
8
15.1
21
1
64
45
70.3
446
9.9
227
58
2
2
3
87.1
2 (0)
12
40
3
321
146
0
0
0
12
# 21
S
12
437
156
3
278
70.3
83.1
71.1
56.5
63.4
1
0
1
0
0
35
8
6
12.2
12
1
23
18
78.3
235
13.1
98
42
2
0
3
138.2
1 (1)
15
103
261
53
5
0
0
0
15
# 25
S
5
281
84
13
184
68.0
79.0
69.1
78.3
60.7
3
1
2
0
0
24
12
4
10.0
6
1
18
13
72.2
173
13.3
113
59
1
1
1
97.7
1 (0)
18
109
113
36
5
0
0
0
18
# 24
CB
14
894
330
2
562
67.6
39.4
54.3
59.5
74.1
2
1
0
1
0
45
5
8
13.8
11
0
60
29
48.3
299
10.3
81
21
0
1
11
56.2
9 (3)
3
89
0
41
761
0
0
0
3
# 22
CB
6
222
76
0
146
67.2
72.9
55.6
-
65.0
0
0
0
0
0
10
0
2
16.7
2
0
9
7
77.8
80
11.4
39
27
2
1
0
103.7
0 (0)
1
12
0
2
207
0
0
0
1
# 05
S
17
1,104
417
27
660
66.0
85.0
85.7
65.7
59.9
8
3
1
4
0
66
19
5
5.6
24
0
61
45
73.8
466
10.4
166
43
6
1
6
121.3
7 (3)
18
157
419
353
157
0
0
0
18
# 40
S
4
100
50
0
50
65.1
90.9
67.0
-
52.9
0
0
0
0
0
7
4
1
8.3
3
1
7
5
71.4
72
14.4
28
35
1
0
0
144.0
1 (0)
5
43
15
37
0
0
0
0
5
# 44
LB
2
2
1
0
1
61.6
60.0
-
-
60.0
0
0
0
0
0
0
0
0
0
0
0
0
0
0
0
0
0
0.0
0 (0)
0
1
0
0
0
0
0
0
0
# 39
CB
1
1
0
0
1
60.5
-
-
-
60.0
0
0
0
0
0
0
0
0
0
0
0
0
0
0
0
0
0
0.0
0 (0)
0
0
0
0
1
0
0
0
0
# 85
WR
1
1
1
0
0
60.0
60.0
-
-
-
0
0
0
0
0
0
0
0
0
0
0
0
0
0
0
0
0
0.0
0 (0)
0
0
0
0
0
0
0
0
0
# 37
HB
1
1
1
0
0
60.0
60.0
-
-
-
0
0
0
0
0
0
0
0
0
0
0
0
0
0
0
0
0
0.0
0 (0)
0
0
0
0
0
0
0
0
0
# 83
TE
1
1
1
0
0
60.0
60.0
-
-
-
0
0
0
0
0
0
0
0
0
0
0
0
0
0
0
0
0
0.0
0 (0)
0
0
0
0
0
0
0
0
0
# 15
WR
1
1
1
0
0
60.0
60.0
-
-
-
0
0
0
0
0
0
0
0
0
0
0
0
0
0
0
0
0
0.0
0 (0)
0
0
0
0
0
0
0
0
0
# 95
DI
17
747
299
444
4
58.7
44.2
39.7
72.0
60.4
31
6
6
19
1
38
12
7
12.3
32
0
0
0
0
0
0
0
0
0.0
1 (0)
747
0
0
0
0
216
496
30
5
# 23
CB
10
498
168
1
329
58.3
54.2
50.6
60.0
58.6
0
0
0
0
0
31
5
7
16.3
8
0
40
28
70.0
396
14.1
166
81
3
0
3
126.7
0 (0)
0
52
0
24
422
0
0
0
0
# 98
ED
3
20
8
10
2
57.8
61.2
74.7
52.7
60.6
0
0
0
0
0
1
2
0
0.0
0
0
0
0
0
0
0
0
0
0.0
0 (0)
18
1
0
1
0
0
0
0
18
# 50
LB
11
295
159
17
119
57.6
62.5
40.5
80.6
46.9
7
0
0
7
0
28
8
9
20.0
13
0
10
10
100.0
98
9.8
37
18
0
0
0
107.5
0 (0)
2
280
0
9
3
0
0
0
2
# 91
DI
7
47
23
24
0
54.9
45.4
26.3
68.4
-
3
0
1
2
2
1
0
1
50.0
0
0
0
0
0
0
0
0
0
0.0
0 (0)
47
0
0
0
0
2
16
24
5
# 41
LB
17
733
218
76
439
53.6
60.4
64.6
61.5
48.5
16
2
3
11
1
83
27
13
10.6
32
0
52
45
86.5
410
9.1
259
33
2
1
0
104.3
2 (0)
58
547
3
107
17
0
0
0
58
# 99
DI
12
446
162
283
1
53.3
53.0
46.6
55.2
60.3
22
4
1
17
1
17
5
3
12.0
13
0
0
0
0
0
0
0
0
0.0
1 (0)
446
0
0
0
0
11
246
160
29
# 29
S
9
559
204
12
343
53.0
50.4
56.3
77.1
52.3
5
1
0
4
1
26
17
7
14.0
7
0
26
16
61.5
216
13.5
86
64
4
2
2
95.5
1 (0)
10
187
321
34
7
0
0
0
10
# 33
ED
17
295
98
157
40
51.4
60.5
55.8
59.7
35.4
15
1
5
9
1
14
6
2
9.1
11
0
10
8
80.0
140
17.5
61
29
1
2
0
112.5
2 (2)
277
7
0
10
0
0
0
1
276
# 94
DI
17
416
197
216
3
50.2
50.5
36.3
53.0
62.4
7
0
1
6
0
21
7
5
15.2
15
2
0
0
0
0
0
0
1
0.0
1 (0)
416
0
0
0
0
71
215
103
27
# 93
DI
12
172
66
104
2
50.2
53.7
36.7
53.3
60.5
9
1
1
7
0
4
4
2
20.0
3
0
0
0
0
0
0
0
0
0.0
1 (0)
172
0
0
0
0
4
58
94
16
# 06
LB
17
1,112
397
72
643
44.0
58.5
29.8
73.8
31.3
17
1
4
12
0
81
35
31
21.1
32
0
90
71
78.9
814
11.5
459
50
3
0
1
115.5
2 (1)
54
970
14
69
5
0
0
0
54
# 22
S
8
317
94
2
221
36.9
57.0
66.2
57.9
35.9
0
0
0
0
0
26
9
5
12.5
6
0
12
11
91.7
149
13.5
26
29
1
0
1
146.2
0 (0)
2
45
244
24
1
0
0
0
2
# 92
DI
2
37
23
14
0
32.8
31.0
-
59.1
-
1
0
0
1
0
0
0
0
0
0
0
0
0
0
0
0
0
0.0
0 (0)
37
0
0
0
0
1
22
8
6
# 53
ED
2
17
6
7
4
32.3
60.9
25.4
53.0
29.1
0
0
0
0
0
0
1
1
50.0
0
0
1
1
100.0
4
4.0
5
4
1
0
0
122.9
0 (0)
17
0
0
0
0
0
0
0
17
# 78
DI
1
10
7
3
0
28.4
30.0
-
59.9
-
0
0
0
0
0
0
0
0
0
0
0
0
0
0
0
0
0
0.0
0 (0)
10
0
0
0
0
6
4
0
0
