1
Devon Witherspoon
2
DeMarcus Lawrence
3
Julian Love
4
Tyrice Knight
5
Leonard Williams
6
D'Anthony Bell
7
Derick Hall
8
Drake Thomas
9
Patrick O'Connell
10
Byron Murphy II
10
Derion Kendrick
12
Ty Okada
13
Nick Emmanwori
14
Boye Mafe
15
Jerrick Reed II
16
Coby Bryant
17
Connor O'Toole
18
Jarran Reed
19
Mike Morris
20
Tariq Woolen
21
Uchenna Nwosu
22
Ernest Jones
23
Josh Jobe
24
Nehemiah Pritchett
25
Quinton Bohanna
26
Jared Ivey
26
Shaquill Griffin
28
Chazz Surratt
29
Rylie Mills
30
Brandon Pili
# 21
CB
12
720
252
21
447
89.9
86.7
76.9
91.8
84.6
10
0
3
7
0
54
14
5
6.8
30
0
59
46
78.0
409
8.9
218
48
2
1
4
99.8
2 (0)
11
98
8
237
366
0
0
0
11
# 00
ED
16
625
211
403
11
82.9
85.0
29.9
62.7
85.0
52
8
12
32
1
31
15
16
25.8
30
3
1
1
100.0
15
15.0
4
15
0
0
0
118.8
2 (1)
614
11
0
0
0
0
20
79
515
# 20
S
8
458
167
9
282
82.2
60.7
56.1
57.8
85.3
3
1
0
2
0
24
7
6
16.2
6
0
14
7
50.0
55
7.9
29
20
0
1
4
30.4
1 (0)
15
108
308
26
1
0
0
0
15
# 48
LB
11
307
120
20
167
76.3
68.9
54.7
94.2
61.4
4
2
0
2
0
33
18
7
12.1
21
2
25
24
96.0
240
10.0
181
65
0
0
0
106.7
0 (0)
34
241
0
31
1
0
0
0
34
# 99
DI
17
810
257
539
14
75.3
70.9
43.1
69.7
68.6
58
8
14
36
1
40
16
9
13.8
39
0
1
1
100.0
-1
-1.0
7
-1
0
0
0
79.2
4 (0)
792
18
0
0
0
4
435
258
95
# 23
S
11
96
40
2
54
75.0
68.4
65.0
76.0
69.1
1
1
0
0
0
6
2
2
20.0
5
0
4
3
75.0
25
8.3
21
12
0
0
0
90.6
0 (0)
4
35
40
16
1
0
0
0
4
# 58
ED
14
419
143
259
17
73.3
73.9
43.1
72.6
29.7
41
3
11
27
0
17
12
8
21.6
14
0
1
1
100.0
17
17.0
5
17
0
0
1
118.8
2 (1)
418
1
0
0
0
0
3
17
398
# 42
LB
17
761
262
75
424
73.0
77.0
46.8
66.6
66.1
17
4
3
10
0
56
23
16
16.8
24
1
62
40
64.5
352
8.8
250
27
0
1
6
72.8
1 (0)
73
585
0
101
2
0
0
0
73
# 52
LB
5
55
26
1
28
72.6
69.3
82.7
76.1
63.4
1
1
0
0
0
7
2
0
0.0
6
0
3
2
66.7
11
5.5
1
7
0
0
0
72.9
0 (0)
1
52
0
2
0
0
0
0
1
# 91
DI
17
783
281
494
8
72.4
53.3
62.3
76.6
75.4
50
9
3
38
0
37
18
3
5.2
38
0
0
0
0
0
0
0
0
0.0
1 (0)
772
11
0
0
0
116
582
70
4
# 21
CB
5
122
31
5
86
72.4
62.0
60.0
51.9
74.3
1
0
0
1
0
7
0
1
12.5
2
0
13
6
46.2
33
5.5
36
9
0
2
3
13.5
0 (0)
3
22
2
86
9
0
0
0
3
# 39
S
17
739
232
17
490
71.8
73.7
67.6
71.5
68.3
8
2
0
6
0
48
9
8
12.3
15
0
35
23
65.7
281
12.2
91
41
3
1
4
107.0
1 (0)
23
157
519
36
4
0
0
0
23
# 03
S
14
765
244
64
457
71.0
71.6
59.8
65.2
69.6
18
3
1
14
0
63
13
8
9.5
30
0
73
56
76.7
491
8.8
326
34
2
1
8
97.5
2 (0)
88
285
6
378
8
0
0
0
88
# 53
ED
17
559
178
340
41
69.2
65.1
64.7
68.7
72.2
40
2
2
36
2
21
8
2
6.5
19
1
6
4
66.7
55
13.8
32
27
0
0
1
95.8
4 (2)
555
2
0
1
1
0
0
0
555
# 28
S
2
13
9
0
4
67.2
65.1
78.2
-
61.5
0
0
0
0
0
2
0
0
0.0
0
0
0
0
0
0
0
0
0
0.0
0 (0)
0
1
11
1
0
0
0
0
0
# 08
S
15
974
332
7
635
65.4
70.3
29.8
66.8
61.8
1
0
0
1
0
48
14
18
22.5
14
1
26
17
65.4
223
13.1
121
58
2
4
2
78.4
0 (0)
15
153
747
56
3
0
0
0
15
# 57
ED
4
28
20
7
1
62.9
64.9
-
53.8
60.0
0
0
0
0
0
0
0
0
0
0
0
0
0
0
0
0
0
0.0
0 (0)
28
0
0
0
0
0
0
0
28
# 90
DI
13
397
152
243
2
62.4
54.2
78.1
62.8
69.6
20
3
5
12
0
24
8
0
0.0
15
0
0
0
0
0
0
0
0
0.0
0 (0)
397
0
0
0
0
5
320
65
7
# 94
DI
15
164
68
89
7
61.7
65.3
36.2
60.7
53.9
8
0
2
6
1
8
2
2
16.7
7
0
0
0
0
0
0
0
0
0.0
1 (0)
163
1
0
0
0
0
48
34
81
# 27
CB
16
817
249
2
566
61.2
70.7
29.7
70.0
61.7
1
0
1
0
0
37
1
11
22.4
13
0
68
39
57.4
333
8.5
153
45
3
1
8
78.9
8 (2)
14
29
0
13
761
0
0
0
14
# 07
ED
16
581
175
361
45
60.4
62.6
59.5
65.1
50.4
46
9
5
32
2
22
3
7
21.9
19
0
7
5
71.4
36
7.2
26
19
0
0
0
83.0
5 (3)
576
4
0
0
1
0
0
1
575
# 13
LB
15
903
314
60
529
58.1
75.6
72.1
49.2
46.9
6
1
1
4
0
88
34
10
7.6
44
0
63
46
73.0
475
10.3
322
54
1
5
1
66.6
3 (0)
44
796
5
57
1
0
0
0
44
# 29
CB
16
817
249
4
564
56.6
74.2
65.2
85.7
52.3
2
1
1
0
0
50
6
6
9.7
14
0
83
43
51.8
457
10.6
141
57
3
1
9
75.2
10 (2)
1
86
0
17
713
0
0
0
1
# 28
CB
9
89
36
0
53
56.2
48.1
44.8
-
58.7
0
0
0
0
0
2
2
1
20.0
0
0
7
5
71.4
63
12.6
9
20
3
0
2
138.7
0 (0)
0
14
0
2
73
0
0
0
0
# 92
DI
5
32
19
13
0
54.0
56.4
27.1
53.3
-
1
0
0
1
0
2
1
1
25.0
1
0
0
0
0
0
0
0
0
0.0
0 (0)
32
0
0
0
0
4
25
2
1
# 51
ED
2
15
6
9
0
52.8
51.3
-
60.7
-
0
0
0
0
0
0
0
0
0
0
0
0
0
0
0
0
0
0.0
0 (0)
14
1
0
0
0
0
0
2
12
# 24
CB
2
75
19
0
56
52.8
65.2
62.2
-
50.3
0
0
0
0
0
7
0
1
12.5
3
0
8
6
75.0
49
8.2
20
21
1
0
0
129.7
0 (0)
0
2
0
1
72
0
0
0
0
# 44
LB
1
7
7
0
0
50.5
54.1
70.5
-
-
0
0
0
0
0
0
1
0
0.0
0
0
0
0
0
0
0
0
0
0.0
0 (0)
3
4
0
0
0
0
0
0
3
# 98
DI
4
28
18
10
0
48.4
50.2
31.7
53.6
60.0
0
0
0
0
0
1
2
1
25.0
1
0
0
0
0
0
0
0
0
0.0
0 (0)
28
0
0
0
0
5
19
1
3
# 95
DI
13
150
74
76
0
41.5
37.6
39.9
56.4
60.0
3
0
0
3
0
2
9
2
15.4
2
0
0
0
0
0
0
0
0
0.0
0 (0)
150
0
0
0
0
6
139
5
0
