1
Jaxon Smith-Njigba
2
Kenneth Walker III
3
Zach Charbonnet
4
Sam Darnold
5
Abraham Lucas
6
AJ Barner
7
Velus Jones Jr.
8
Josh Jones
9
Bryce Cabeldue
10
Charles Cross
11
Dareke Young
12
Cooper Kupp
13
Tory Horton
14
Jacardia Wright
15
Cody White
16
Eric Saubert
17
Jalen Sundell
18
Nick Kallerup
19
Rashid Shaheed
20
Mason Richman
21
George Holani
22
Ricky White
23
Cam Akers
24
Grey Zabel
25
Olusegun Oluwatimi
26
Elijah Arroyo
27
Jake Bobo
28
Amari Kight
29
Robbie Ouzts
30
Anthony Bradford
31
Myles Gaskin
32
Christian Haynes
33
Brady Russell
34
Drew Lock
35
Jalen Milroe
# 11
WR
17
828
525
0
4
299
92.8
93.1
-
62.1
63.9
4 (1)
# 09
HB
17
497
206
42
230
19
88.4
66.8
34.4
90.2
58.0
1 (0)
# 26
HB
16
489
212
66
182
29
85.2
56.5
46.8
90.1
55.9
0 (0)
# 14
QB
17
1,025
560
0
21
444
79.3
80.2
-
42.1
60.7
5 (0)
# 72
T
17
1,060
0
562
0
498
75.5
-
69.6
-
76.8
4 (1)
# 88
TE
17
826
385
78
11
352
74.4
76.9
65.2
88.0
62.4
6 (1)
# 32
HB
2
7
0
0
5
2
74.1
-
-
70.5
60.0
0 (0)
# 74
T
12
258
1
117
0
140
73.9
58.1
71.8
-
70.3
0 (0)
# 77
G
5
24
0
0
0
24
73.4
-
-
-
70.7
1 (0)
# 67
T
14
821
0
450
0
371
73.2
-
76.8
-
66.7
5 (1)
# 83
WR
8
53
17
0
0
36
72.3
71.0
-
-
67.7
0 (0)
# 10
WR
16
768
450
3
0
315
70.2
70.8
55.1
-
61.9
1 (0)
# 15
WR
8
225
148
1
0
76
70.1
69.1
62.4
-
74.2
1 (0)
# 31
HB
1
5
0
0
5
0
68.3
-
-
66.3
-
0 (0)
# 82
WR
9
165
47
0
0
118
65.2
67.5
-
-
52.0
0 (0)
# 81
TE
11
276
66
30
0
180
64.8
63.1
79.0
-
61.0
2 (0)
# 61
C
13
734
0
407
0
327
64.1
-
65.6
-
62.4
4 (1)
# 89
TE
9
130
10
18
0
102
61.6
47.6
41.3
-
67.4
2 (0)
# 22
WR
9
279
205
0
8
66
61.1
61.7
-
68.2
31.2
0 (0)
# 78
T
1
1
0
1
0
0
60.0
-
64.9
-
-
0 (0)
# 36
HB
4
36
7
2
22
5
59.9
71.3
70.6
57.8
60.0
0 (0)
# 86
WR
2
13
0
0
0
13
59.4
-
-
-
57.7
0 (0)
# 30
HB
1
1
1
0
0
0
57.7
59.3
-
-
-
0 (0)
# 76
G
17
1,050
0
553
0
497
57.2
-
58.5
-
56.3
5 (0)
# 55
C
8
312
0
156
0
156
55.8
-
44.1
-
62.2
2 (0)
# 18
TE
13
315
167
7
0
141
55.2
52.3
75.9
-
60.7
1 (0)
# 19
WR
11
117
37
2
0
78
53.9
56.1
31.3
-
52.5
1 (0)
# 79
T
2
4
0
2
0
2
51.9
-
69.2
-
51.2
0 (0)
# 40
FB
12
203
37
28
0
138
51.1
46.9
66.0
-
55.5
2 (0)
# 75
G
17
1,037
0
560
0
477
50.6
-
40.7
-
54.7
4 (0)
# 33
HB
1
3
0
0
3
0
49.8
-
-
52.4
-
0 (0)
# 64
G
3
32
0
13
0
19
43.9
-
72.3
-
41.3
0 (0)
# 38
FB
12
58
4
7
0
47
40.9
27.6
58.1
-
51.8
0 (0)
# 02
QB
5
38
3
0
6
29
27.4
43.5
-
29.4
60.0
0 (0)
# 06
QB
3
3
0
0
3
0
26.4
-
-
30.1
-
0 (0)
