1
Trent Williams
2
George Kittle
3
Brock Purdy
4
Colton McKivitz
5
Christian McCaffrey
6
Mac Jones
7
Jake Tonges
8
Ricky Pearsall
9
Ben Bartch
10
Jake Brendel
11
Dominick Puni
12
Brian Robinson
13
Matt Hennessy
14
Jauan Jennings
15
Skyy Moore
16
Luke Farrell
17
Demarcus Robinson
18
Kendrick Bourne
19
Jordan Watkins
19
Kyle Juszczyk
21
Jordan James
21
Adrian Martinez
23
Spencer Burford
24
Austen Pleasants
25
Marquez Valdes-Scantling
26
Malik Turner
27
Brayden Willis
28
Russell Gage
29
Connor Colby
30
Nick Zakelj
# 71
T
16
996
0
593
0
403
91.5
-
79.9
-
92.8
4 (0)
# 85
TE
11
554
301
30
1
222
90.8
91.2
72.2
56.6
71.2
1 (1)
# 13
QB
9
576
336
0
15
225
90.0
86.1
-
83.3
60.0
3 (1)
# 68
T
17
1,116
0
665
0
451
83.5
-
72.2
-
90.3
5 (0)
# 23
HB
17
931
535
54
311
31
78.3
91.2
40.6
69.1
55.1
0 (0)
# 10
QB
11
545
329
0
28
188
77.1
76.0
-
65.5
60.1
3 (0)
# 88
TE
16
398
245
19
0
134
75.7
72.7
57.1
-
73.8
1 (0)
# 01
WR
9
480
302
0
2
176
73.5
75.3
-
54.4
47.6
1 (0)
# 78
G
6
200
0
100
0
100
71.7
-
65.4
-
69.7
0 (0)
# 64
C
15
950
0
577
0
373
70.4
-
59.0
-
74.1
4 (1)
# 77
G
17
1,119
0
664
0
455
70.2
-
63.8
-
69.1
4 (0)
# 03
HB
17
190
71
6
93
20
69.9
63.0
41.3
69.4
60.6
0 (0)
# 61
C
6
172
0
88
0
84
68.8
-
63.4
-
68.3
0 (0)
# 15
WR
15
794
486
3
0
305
68.3
70.6
62.4
-
43.3
4 (0)
# 09
WR
14
110
72
0
2
36
67.5
66.9
-
59.1
65.3
0 (0)
# 89
TE
17
404
133
33
0
238
65.2
53.7
43.5
-
74.7
1 (0)
# 05
WR
14
419
277
0
1
141
64.0
62.8
-
56.6
70.9
0 (0)
# 84
WR
16
593
374
0
0
219
63.8
65.5
-
-
46.3
3 (1)
# 17
WR
4
25
15
0
0
10
61.3
60.8
-
-
60.3
0 (0)
# 44
FB
17
510
228
20
3
259
61.3
63.0
84.1
61.3
51.8
1 (0)
# 29
HB
1
3
0
0
0
3
60.0
-
-
-
60.0
0 (0)
# 04
QB
1
1
0
0
1
0
60.0
-
-
60.0
-
0 (0)
# 74
G
10
458
0
266
0
192
58.9
-
48.5
-
62.6
2 (1)
# 62
T
5
125
0
72
0
53
56.7
-
48.7
-
59.0
0 (0)
# 83
WR
5
141
89
0
0
52
55.7
55.9
-
-
52.4
0 (0)
# 81
WR
3
17
6
0
0
11
54.6
54.9
-
-
58.3
0 (0)
# 82
TE
6
13
5
1
0
7
53.6
53.4
66.5
-
60.0
0 (0)
# 14
WR
1
28
20
0
0
8
51.2
51.6
-
-
58.2
0 (0)
# 75
G
10
451
0
281
0
170
50.7
66.9
33.7
-
62.5
4 (0)
# 63
G
2
23
0
19
0
4
39.8
-
26.5
-
48.6
0 (0)
