1
Jamel Dean
2
Antoine Winfield Jr.
3
Yaya Diaby
4
Vita Vea
5
Mohamed Kamara
6
Jacob Parrish
7
John Bullock
8
Kaevon Merriweather
9
Logan Hall
10
Tykee Smith
11
Anthony Nelson
12
Zyon McCollum
13
Anthony Walker Jr.
14
Rashad Wisdom
15
Elijah Simmons
15
Ryan Miller
17
Kameron Johnson
17
Sean Tucker
17
Josh Hayes
20
Kindle Vildor
21
Chris Braswell
22
Haason Reddick
23
C.J. Brewer
24
Lavonte David
25
Christian Izien
26
Elijah Roberts
27
SirVocea Dennis
28
Greg Gaines
29
Benjamin Morrison
30
Markees Watts
31
Calijah Kancey
32
Adam Gotsis
33
Deion Jones
34
Jason Pierre-Paul
35
Nick Jackson
# 35
CB
14
661
214
4
443
80.6
63.5
73.7
99.9
75.9
2
1
1
0
0
38
6
4
8.3
10
2
54
25
46.3
311
12.4
105
56
1
3
1
47.7
4 (1)
3
46
0
26
586
0
0
0
3
# 31
S
17
1,038
353
65
620
74.4
60.5
90.4
82.4
74.3
15
1
3
11
0
74
17
4
4.2
20
1
34
23
67.6
308
13.4
95
53
2
2
6
91.3
0 (0)
47
305
593
91
2
0
0
0
47
# 00
ED
17
783
263
453
67
72.1
67.2
44.6
76.9
42.8
62
9
10
43
1
30
13
11
20.4
33
1
10
9
90.0
73
8.1
62
20
0
0
0
97.1
3 (0)
768
4
0
11
0
2
11
16
739
# 50
DI
17
764
246
502
16
71.8
60.8
30.0
77.0
56.9
51
4
8
39
3
22
11
9
21.4
21
0
0
0
0
0
0
0
0
0.0
2 (1)
761
3
0
0
0
118
576
63
4
# 59
ED
3
5
2
2
1
69.1
60.0
-
68.4
60.0
1
0
0
1
0
0
0
0
0
0
0
0
0
0
0
0
0
0.0
0 (0)
5
0
0
0
0
0
0
0
5
# 25
CB
17
747
217
30
500
68.5
78.5
45.5
60.2
65.7
9
2
1
6
0
57
8
14
17.7
28
0
77
60
77.9
665
11.1
351
52
3
2
3
104.8
3 (0)
3
119
1
496
127
0
0
0
3
# 57
LB
2
6
6
0
0
68.1
63.3
-
-
-
0
0
0
0
0
0
0
0
0
0
0
0
0
0
0
0
0
0.0
0 (0)
0
5
0
0
0
0
0
0
0
# 26
S
7
18
13
1
4
67.7
64.7
70.6
59.2
64.9
0
0
0
0
0
1
0
0
0.0
1
0
0
0
0
0
0
0
0
0.0
0 (0)
10
4
1
0
2
0
0
0
10
# 90
DI
17
611
245
361
5
66.8
66.0
34.6
65.5
63.2
32
2
4
26
1
25
11
9
20.0
17
1
0
0
0
0
0
0
0
0.0
4 (0)
611
0
0
0
0
5
221
268
117
# 23
S
16
892
278
34
580
65.8
72.6
68.9
87.9
56.8
7
2
2
3
3
73
22
11
10.4
24
0
38
27
71.1
382
14.1
190
63
3
1
6
118.5
1 (1)
53
318
390
108
23
0
0
0
53
# 98
ED
15
387
145
184
58
65.5
51.9
50.5
71.9
59.1
23
3
1
19
1
19
13
4
11.1
12
1
10
9
90.0
106
11.8
73
26
1
1
0
104.6
0 (0)
369
6
0
11
0
0
2
8
359
# 27
CB
13
766
267
4
495
63.9
69.9
64.8
51.4
61.9
0
0
0
0
0
57
3
7
10.4
20
1
70
40
57.1
446
11.2
112
54
5
1
6
94.1
1 (0)
6
53
3
55
648
0
0
0
6
# 03
LB
1
1
0
0
1
62.0
-
-
-
60.0
0
0
0
0
0
0
0
0
0
0
0
0
0
0
0
0
0
0.0
0 (0)
0
1
0
0
0
0
0
0
0
# 38
S
1
3
0
0
3
61.3
-
-
-
60.9
0
0
0
0
0
0
0
0
0
0
0
0
0
0
0
0
0
0.0
0 (0)
0
0
3
0
0
0
0
0
0
# 92
DI
9
91
56
35
0
60.1
59.9
43.2
67.0
-
3
0
0
3
0
4
1
1
16.7
2
0
0
0
0
0
0
0
0
0.0
1 (1)
91
0
0
0
0
36
53
2
0
# 81
WR
1
1
1
0
0
60.1
60.0
-
-
-
0
0
0
0
0
0
0
0
0
0
0
0
0
0
0
0
0
0.0
0 (0)
0
0
0
0
0
0
0
0
0
# 19
WR
1
1
1
0
0
59.9
60.0
-
-
-
0
0
0
0
0
0
0
0
0
0
0
0
0
0
0
0
0
0.0
0 (0)
0
0
0
0
0
0
0
0
0
# 44
HB
1
1
1
0
0
59.9
60.0
-
-
-
0
0
0
0
0
0
0
0
0
0
0
0
0
0
0
0
0
0.0
0 (0)
0
0
0
0
0
0
0
0
0
# 32
CB
1
1
1
0
0
59.9
60.0
-
-
-
0
0
0
0
0
0
0
0
0
0
0
0
0
0
0
0
0
0.0
0 (0)
0
0
0
0
0
0
0
0
0
# 22
CB
7
164
40
0
124
59.3
72.1
76.8
-
56.8
0
0
0
0
0
13
3
1
5.9
5
0
18
13
72.2
159
12.2
39
21
1
1
1
94.4
0 (0)
0
3
0
3
158
0
0
0
0
# 43
ED
17
283
111
137
35
57.6
59.5
72.2
69.0
50.4
15
1
3
11
0
15
4
1
5.0
11
0
7
5
71.4
53
10.6
46
18
0
0
0
93.2
4 (1)
278
3
0
2
0
0
1
3
274
# 05
ED
13
571
177
308
86
57.2
45.2
29.9
60.1
70.0
34
3
2
29
0
24
4
7
20.0
19
1
17
14
82.4
124
8.9
122
28
0
0
0
97.1
2 (0)
541
17
0
13
0
0
1
0
540
# 52
DI
5
40
24
15
1
53.1
52.4
71.1
59.5
60.0
2
1
0
1
0
2
1
0
0.0
0
0
0
0
0
0
0
0
0
0.0
0 (0)
40
0
0
0
0
4
32
4
0
# 54
LB
17
1,023
352
95
576
52.5
66.1
48.3
48.6
45.1
16
4
2
10
0
71
32
19
15.6
43
2
69
59
85.5
549
9.3
297
24
8
1
2
132.4
3 (1)
99
820
0
95
9
0
0
0
99
# 29
S
9
167
65
4
98
51.3
61.2
65.5
50.8
50.4
0
0
0
0
0
15
5
2
9.1
7
1
12
10
83.3
96
9.6
40
36
1
0
0
127.8
0 (0)
1
57
63
45
1
0
0
0
1
# 95
DI
17
506
172
326
8
50.5
41.4
75.3
63.0
57.9
27
3
2
22
3
9
3
1
7.7
8
0
0
0
0
0
0
0
0
0.0
2 (1)
506
0
0
0
0
6
346
134
20
# 08
LB
16
910
307
81
522
49.1
68.2
55.4
73.6
30.5
19
4
5
10
2
78
21
14
12.4
43
0
60
54
90.0
635
11.8
434
50
2
1
1
114.9
0 (0)
31
826
2
44
7
0
0
0
31
# 96
DI
17
369
158
209
2
48.2
51.1
49.7
53.1
57.2
8
2
1
5
0
17
3
2
9.1
14
0
0
0
0
0
0
0
0
0.0
2 (0)
369
0
0
0
0
46
268
50
5
# 21
CB
10
360
117
2
241
47.0
35.4
40.3
47.9
50.0
2
0
0
2
0
23
3
7
21.2
9
0
40
23
57.5
344
15.0
118
72
3
0
3
110.8
4 (2)
0
31
0
18
311
0
0
0
0
# 58
ED
5
27
6
18
3
46.6
47.8
22.4
63.5
40.4
3
1
0
2
0
0
0
3
100.0
0
0
1
1
100.0
15
15.0
17
15
0
0
0
118.8
0 (0)
26
0
0
0
0
0
0
0
26
# 94
DI
3
97
27
70
0
44.2
48.8
26.3
51.0
60.0
8
0
1
7
0
1
0
1
50.0
1
0
0
0
0
0
0
0
0
0.0
0 (0)
96
1
0
0
0
0
42
54
0
# 97
DI
2
24
12
12
0
42.6
46.0
-
52.0
-
2
0
1
1
0
0
0
0
0
0
0
0
0
0
0
0
0
0.0
0 (0)
24
0
0
0
0
0
8
14
2
# 45
LB
12
121
38
14
69
41.6
30.7
56.8
69.3
49.0
3
0
0
3
0
9
6
2
11.8
5
0
8
6
75.0
49
8.2
12
16
0
0
0
90.1
0 (0)
5
99
0
14
2
0
0
0
5
# 91
ED
3
38
13
22
3
37.2
28.7
20.3
57.4
61.8
0
0
0
0
1
0
0
2
100.0
0
0
0
0
0
0
0
0
0
0.0
0 (0)
38
0
0
0
0
0
0
1
37
# 53
LB
1
18
10
2
6
37.0
58.0
71.7
54.8
35.6
0
0
0
0
0
1
0
0
0.0
1
0
1
1
100.0
16
16.0
19
16
0
0
0
118.8
0 (0)
2
13
0
3
0
0
0
0
2