1
Jeffery Simmons
2
T'Vondre Sweat
3
Cedric Gray
4
Micah Robinson
5
Marcus Harris
6
Mike Brown
7
Sebastian Joseph-Day
8
Roger McCreary
9
Quandre Diggs
10
Xavier Woods
11
Dre'Mont Jones
12
Arden Key
13
Jaylen Harrell
14
Kevin Winston Jr.
15
Kendell Brooks
16
James Williams
17
Jarvis Brownlee Jr.
18
Kemon Hall
19
Truman Jones
20
Darrell Baker Jr.
21
Carlos Watkins
22
Shy Tuttle
23
Jalyn Armour-Davis
24
Erick Hallett
25
James Lynch
26
Cody Barton
27
Amani Hooker
28
Jihad Ward
29
L'Jarius Sneed
30
Ali Gaye
30
Jerrick Reed II
32
Kaiir Elam
33
Oluwafemi Oladejo
34
Samuel Womack III
35
Kyzir White
36
CJ Ravenell
37
Sanoussi Kane
38
Cam Horsley
# 98
DI
15
764
293
465
6
88.3
66.2
48.0
91.4
69.9
64
12
10
42
3
43
10
8
13.1
42
3
0
0
0
0
0
0
0
0.0
9 (2)
751
13
0
0
0
29
462
227
33
# 93
DI
12
380
180
200
0
83.3
79.2
59.0
74.1
60.0
18
2
2
14
1
21
13
2
5.6
13
0
0
0
0
0
0
0
0
0.0
1 (0)
380
0
0
0
0
75
296
9
0
# 33
LB
16
921
389
60
472
78.9
92.7
75.2
55.4
59.0
10
1
2
7
0
117
40
13
7.6
65
0
66
59
89.4
546
9.3
354
31
2
0
2
111.2
5 (1)
53
824
0
42
2
0
0
0
53
# 21
CB
2
66
23
0
43
70.6
72.2
53.6
-
68.4
0
0
0
0
0
5
2
1
12.5
1
0
10
5
50.0
86
17.2
13
29
0
0
1
79.6
0 (0)
0
8
0
5
53
0
0
0
0
# 26
CB
9
342
114
8
220
68.4
68.1
88.0
59.9
67.4
2
0
0
2
0
20
3
0
0.0
5
1
25
13
52.0
151
11.6
86
38
1
0
4
83.9
1 (0)
3
43
0
128
168
0
0
0
3
# 44
S
3
4
0
1
3
67.1
-
-
66.7
60.3
0
0
0
0
0
0
0
0
0
0
0
0
0
0
0
0
0
0.0
0 (0)
1
1
2
0
0
0
0
0
1
# 69
DI
17
483
251
231
1
66.7
63.0
52.8
65.7
60.3
20
1
4
15
0
32
8
4
9.1
28
0
0
0
0
0
0
0
0
0.0
1 (0)
482
1
0
0
0
6
218
135
123
# 21
CB
8
306
95
14
197
66.5
66.5
57.9
59.8
65.6
4
1
0
3
0
25
6
5
13.9
10
0
28
24
85.7
250
10.4
156
33
2
1
1
112.8
1 (0)
4
42
0
257
3
0
0
0
4
# 28
S
9
328
131
5
192
66.1
64.7
64.0
55.0
64.4
0
0
0
0
0
22
6
4
12.5
8
0
11
8
72.7
73
9.1
33
24
0
0
1
90.3
0 (0)
4
89
214
20
1
0
0
0
4
# 25
S
11
526
206
10
310
65.5
54.0
33.4
50.9
70.3
1
1
0
0
0
31
5
12
25.0
8
0
21
17
81.0
164
9.6
94
27
1
2
1
75.5
2 (1)
13
147
287
79
0
0
0
0
13
# 45
ED
9
407
161
234
12
64.6
59.9
65.4
67.5
54.9
19
5
4
10
0
13
8
2
8.7
11
0
1
1
100.0
5
5.0
7
5
0
0
0
87.5
2 (0)
404
3
0
0
0
0
8
9
387
# 49
ED
12
449
139
294
16
63.7
71.1
56.5
56.7
76.9
33
5
7
21
0
6
8
4
22.2
9
0
3
3
100.0
17
5.7
7
13
0
0
0
90.3
3 (1)
445
4
0
0
0
0
14
17
414
# 92
ED
12
362
136
174
52
63.5
59.9
67.0
58.6
68.4
20
6
4
10
0
12
3
2
11.8
13
1
3
3
100.0
22
7.3
8
8
0
0
0
97.2
0 (0)
345
13
0
4
0
0
0
1
344
# 23
S
9
313
107
19
187
62.1
89.4
79.4
91.7
44.5
6
1
4
1
1
24
5
2
6.5
11
0
21
19
90.5
304
16.0
191
58
3
0
1
158.3
0 (0)
16
62
116
116
3
0
0
0
16
# 30
S
5
154
58
2
94
61.2
65.2
34.9
56.6
59.1
0
0
0
0
0
13
3
5
23.8
5
0
4
4
100.0
38
9.5
13
23
1
0
0
145.8
0 (0)
2
38
104
9
1
0
0
0
2
# 52
LB
4
79
25
6
48
60.8
69.7
51.5
64.7
52.9
2
1
0
1
0
13
3
3
15.8
9
0
10
8
80.0
59
7.4
62
18
0
0
0
91.3
0 (0)
7
61
1
10
0
0
0
0
7
# 29
CB
2
128
49
2
77
59.3
84.2
73.3
60.0
61.0
0
0
0
0
0
13
4
1
5.6
8
0
10
8
80.0
59
7.4
24
18
1
0
0
124.6
3 (0)
4
14
0
1
109
0
0
0
4
# 40
CB
2
66
15
3
48
58.8
48.9
45.9
67.4
60.4
2
0
0
2
0
9
0
2
18.2
3
1
9
9
100.0
109
12.1
83
32
1
0
0
154.2
0 (0)
0
11
0
55
0
0
0
0
0
# 56
ED
9
104
37
65
2
58.2
60.2
64.1
54.9
62.2
5
2
0
3
0
5
3
1
11.1
5
0
0
0
0
0
0
0
0
0.0
0 (0)
104
0
0
0
0
0
0
0
104
# 39
CB
14
723
280
0
443
54.9
55.5
47.9
-
54.0
0
0
0
0
0
45
5
8
13.8
14
0
58
42
72.4
621
14.8
195
60
5
0
5
135.8
4 (1)
20
109
2
6
586
0
0
0
20
# 96
DI
3
23
13
10
0
54.8
56.9
-
55.0
-
0
0
0
0
0
0
0
0
0
0
0
0
0
0
0
0
0
0.0
0 (0)
23
0
0
0
0
1
16
6
0
# 90
DI
10
152
92
60
0
54.5
55.3
74.3
52.9
-
0
0
0
0
0
9
2
0
0.0
8
0
0
0
0
0
0
0
0
0.0
0 (0)
152
0
0
0
0
75
77
0
0
# 18
CB
11
508
208
1
299
54.2
71.1
52.5
60.0
49.6
0
0
0
0
0
27
7
6
15.0
9
0
31
24
77.4
346
14.4
115
43
2
0
1
134.6
5 (3)
3
41
0
3
461
0
0
0
3
# 41
S
1
27
7
2
18
53.8
77.7
53.5
38.2
51.0
1
0
0
1
0
1
2
1
25.0
1
0
2
2
100.0
22
11.0
18
14
0
0
0
112.5
0 (0)
0
3
0
22
2
0
0
0
0
# 97
DI
17
333
152
179
2
53.0
59.0
54.1
54.6
55.0
10
1
2
7
1
18
6
2
7.7
12
0
0
0
0
0
0
0
0
0.0
2 (1)
333
0
0
0
0
8
176
95
54
# 50
LB
17
1,060
425
53
582
52.5
46.0
75.3
60.2
56.9
7
1
0
6
0
50
29
7
8.1
22
0
57
39
68.4
416
10.7
237
50
2
3
5
79.3
0 (0)
44
956
1
58
1
0
0
0
44
# 37
S
16
918
369
14
535
51.9
64.9
61.3
73.8
44.8
7
1
0
6
1
68
17
12
12.4
18
0
43
28
65.1
413
14.8
155
63
2
0
5
111.9
1 (0)
52
367
373
119
7
0
0
0
52
# 53
ED
17
708
267
410
31
50.8
53.6
40.7
56.4
65.0
47
6
20
21
0
17
5
6
21.4
18
0
6
5
83.3
55
11.0
36
23
1
0
1
144.4
7 (1)
691
15
0
2
0
7
61
90
533
# 38
CB
7
361
157
1
203
50.4
59.7
47.6
58.5
49.5
0
0
0
0
0
24
1
6
19.4
6
0
21
13
61.9
224
17.2
58
40
3
0
1
137.7
6 (2)
4
25
0
6
326
0
0
0
4
# 99
ED
3
37
13
24
0
49.8
51.4
28.5
52.4
60.0
2
0
0
2
0
1
0
1
50.0
1
0
0
0
0
0
0
0
0
0.0
0 (0)
37
0
0
0
0
0
0
0
37
# 28
S
1
61
22
0
39
49.8
38.2
51.8
-
58.6
0
0
0
0
0
3
1
1
20.0
1
0
3
3
100.0
24
8.0
-1
11
0
0
0
100.0
0 (0)
2
11
47
0
1
0
0
0
2
# 35
CB
3
78
27
0
51
49.4
65.6
37.7
-
46.7
0
0
0
0
0
3
0
1
25.0
0
0
10
5
50.0
97
19.4
31
36
1
0
0
117.5
0 (0)
0
1
0
0
77
0
0
0
0
# 07
ED
6
241
115
90
36
48.4
53.7
67.7
52.4
40.9
7
0
2
5
0
7
6
1
7.1
4
0
6
6
100.0
47
7.8
28
15
0
0
0
99.3
0 (0)
227
10
0
4
0
0
1
4
222
# 35
CB
3
54
17
0
37
47.3
69.2
78.0
-
43.0
0
0
0
0
0
4
0
0
0.0
1
0
6
3
50.0
33
11.0
8
13
1
0
0
106.3
1 (1)
0
0
0
0
54
0
0
0
0
# 42
LB
1
20
13
1
6
46.1
41.3
31.7
58.9
66.4
0
0
0
0
0
3
0
1
25.0
1
0
1
0
0.0
0
0
0
0
0
39.6
0 (0)
1
19
0
0
0
0
0
0
1
# 91
DI
14
97
58
39
0
43.1
49.7
54.2
49.3
60.0
0
0
0
0
0
5
5
1
9.1
2
1
0
0
0
0
0
0
0
0.0
1 (0)
97
0
0
0
0
2
88
6
1
# 42
S
2
63
23
0
40
39.1
68.5
83.6
-
37.3
0
0
0
0
0
4
3
0
0.0
0
0
4
3
75.0
40
13.3
18
23
1
0
0
145.8
1 (0)
2
15
41
4
1
0
0
0
2
# 68
DI
1
14
8
6
0
31.1
36.0
-
56.0
-
0
0
0
0
0
0
0
0
0
0
0
0
0
0
0
0
0
0.0
0 (0)
14
0
0
0
0
6
8
0
0