1
Bobby Wagner
2
Dorance Armstrong
3
Javontae Jean-Baptiste
4
Shy Tuttle
5
Percy Butler
6
Preston Smith
7
Von Miller
8
Jeremy Reaves
9
Antonio Hamilton Sr.
10
Daron Payne
11
Deatrich Wise Jr.
12
Darnell Savage
13
T.J. Maguranyanga
14
Will Harris
14
Jacob Martin
16
Jalyn Holmes
17
Trey Amos
18
Noah Igbinoghene
19
Jordan Magee
20
Eddie Goldman
21
Frankie Luvu
22
Marshon Lattimore
23
Mike Sainristil
24
DeMarcus Walker
25
Jonathan Jones
26
Tyler Owens
27
Quan Martin
28
Jer'Zhan Newton
29
Sheldon Day
30
Javon Kinlaw
31
Drake Jackson
32
Ricky Barber
33
Nick Bellore
# 54
LB
17
1,132
467
77
588
78.7
90.4
90.6
92.4
51.1
20
5
4
11
0
107
53
8
4.8
52
0
59
44
74.6
569
12.9
421
69
3
2
2
107.2
2 (1)
8
1,087
0
36
1
0
0
0
8
# 92
ED
7
239
92
143
4
77.6
77.5
82.3
71.2
49.2
22
6
1
15
0
14
5
0
0.0
16
0
2
2
100.0
14
7.0
10
9
0
0
0
95.8
1 (0)
226
13
0
0
0
0
0
11
215
# 90
ED
3
60
29
28
3
75.5
71.2
76.1
60.9
66.5
1
1
0
0
0
3
4
0
0.0
3
0
0
0
0
0
0
0
0
0.0
0 (0)
60
0
0
0
0
0
2
2
56
# 79
DI
2
25
12
13
0
70.6
73.0
70.9
53.9
-
0
0
0
0
0
2
2
0
0.0
2
0
0
0
0
0
0
0
0
0.0
0 (0)
25
0
0
0
0
12
13
0
0
# 35
S
11
20
9
1
10
69.3
61.5
80.4
60.0
67.3
0
0
0
0
0
2
1
0
0.0
0
0
2
2
100.0
43
21.5
30
22
0
0
0
118.8
0 (0)
4
6
7
0
3
0
0
0
4
# 52
ED
13
283
146
136
1
66.9
64.3
53.3
57.7
90.4
17
1
5
11
0
16
8
3
11.1
11
0
0
0
0
0
0
0
0
0.0
0 (0)
283
0
0
0
0
0
3
12
268
# 24
ED
17
420
119
289
12
64.5
67.2
47.7
62.6
47.1
36
10
4
22
0
14
2
4
20.0
17
0
2
2
100.0
6
3.0
5
6
0
0
0
79.2
1 (0)
417
2
0
1
0
0
0
0
417
# 39
S
17
708
294
8
406
63.8
65.5
55.0
60.1
62.7
3
0
1
2
0
58
23
14
14.7
18
0
34
22
64.7
211
9.6
134
61
1
1
5
79.4
3 (1)
37
281
290
90
10
0
0
0
37
# 34
CB
7
115
45
0
70
63.5
71.9
52.7
-
60.7
0
0
0
0
0
9
3
2
14.3
2
0
17
11
64.7
82
7.5
42
19
0
0
1
76.1
1 (0)
0
11
0
4
100
0
0
0
0
# 94
DI
15
607
234
371
2
60.8
49.0
29.8
64.5
72.0
26
4
5
17
4
31
11
7
14.3
28
1
0
0
0
0
0
0
1
0.0
1 (0)
599
8
0
0
0
40
338
189
32
# 91
ED
2
51
18
33
0
60.0
58.7
73.9
59.8
71.3
4
0
2
2
0
3
1
0
0.0
2
0
0
0
0
0
0
0
0
0.0
1 (0)
51
0
0
0
0
0
1
5
45
# 25
S
8
170
67
3
100
59.6
59.4
53.7
55.1
59.7
2
0
0
2
0
10
4
3
17.6
2
1
12
10
83.3
93
9.3
45
24
3
0
1
138.5
0 (0)
11
50
94
13
2
0
0
0
11
# 59
ED
1
11
4
7
0
59.1
63.7
70.5
53.2
-
0
0
0
0
0
0
1
0
0.0
0
0
0
0
0
0
0
0
0
0.0
0 (0)
11
0
0
0
0
0
0
0
11
# 03
S
9
560
217
2
341
58.4
61.6
54.6
77.8
55.3
1
1
0
0
0
27
10
6
14.0
4
1
21
14
66.7
161
11.5
70
31
2
0
2
121.3
2 (1)
43
259
155
85
18
0
0
0
43
# 55
ED
17
700
269
410
21
58.4
60.8
36.7
63.9
30.1
45
8
11
26
1
26
7
12
26.7
22
1
6
4
66.7
62
15.5
24
31
0
0
0
100.7
2 (0)
675
25
0
0
0
0
14
38
623
# 96
DI
10
251
137
113
1
57.9
61.7
60.2
51.4
57.3
7
0
1
6
0
14
6
1
4.8
9
0
0
0
0
0
0
0
0
0.0
0 (0)
251
0
0
0
0
1
30
74
146
# 23
CB
10
511
203
0
308
55.8
39.7
44.4
-
58.8
0
0
0
0
0
24
8
8
20.0
8
0
34
23
67.6
325
14.1
142
60
1
0
4
108.1
2 (1)
1
47
0
30
433
0
0
0
1
# 06
CB
14
373
136
4
233
55.6
54.1
51.8
78.0
54.4
3
1
1
1
0
25
11
6
14.3
8
0
31
20
64.5
303
15.2
178
42
0
0
4
96.6
3 (0)
3
68
0
237
65
0
0
0
3
# 58
LB
16
364
190
18
156
55.0
57.3
57.2
58.5
53.1
3
0
0
3
0
40
8
7
12.7
24
0
22
20
90.9
210
10.5
141
57
1
0
0
121.6
0 (0)
40
271
0
52
1
0
0
0
40
# 97
DI
13
320
166
154
0
54.0
47.2
50.8
64.7
60.0
8
0
1
7
0
16
9
2
7.4
13
0
0
0
0
0
0
0
0
0.0
0 (0)
318
2
0
0
0
144
172
2
0
# 04
LB
17
1,107
453
228
426
53.7
62.4
30.1
58.3
44.6
25
4
4
17
2
53
26
21
21.0
27
3
41
37
90.2
335
9.1
240
25
4
0
3
133.2
2 (1)
473
574
1
57
2
0
0
0
473
# 02
CB
9
521
208
0
313
53.2
59.4
60.8
-
52.6
0
0
0
0
0
22
4
3
10.3
5
0
33
18
54.5
258
14.3
43
44
2
1
5
87.7
9 (2)
4
39
0
24
454
0
0
0
4
# 00
CB
17
1,024
411
6
607
52.8
52.5
55.8
52.6
52.3
1
0
0
1
0
66
11
12
13.5
19
0
94
67
71.3
767
11.4
366
38
9
4
7
109.7
4 (3)
14
133
1
377
499
0
0
0
14
# 50
ED
1
18
10
8
0
52.6
44.8
27.0
68.2
-
0
0
0
0
0
1
0
1
50.0
0
0
0
0
0
0
0
0
0
0.0
0 (0)
16
2
0
0
0
0
2
2
12
# 31
CB
11
484
210
2
272
50.9
56.6
61.8
80.2
48.0
1
1
0
0
0
31
6
5
11.9
7
0
41
24
58.5
321
13.4
100
27
0
0
5
83.5
2 (0)
9
48
1
13
413
0
0
0
9
# 18
S
6
66
26
5
35
48.5
71.3
78.2
52.9
41.5
0
0
0
0
0
4
1
0
0.0
2
0
3
3
100.0
46
15.3
19
26
2
0
0
158.3
0 (0)
9
20
2
29
6
0
0
0
9
# 20
S
17
927
362
6
559
48.4
70.0
60.1
88.2
39.2
4
0
2
2
0
64
25
15
14.4
11
1
37
27
73.0
565
20.9
270
86
5
0
3
154.6
4 (3)
8
245
561
106
7
0
0
0
8
# 95
DI
17
432
202
228
2
47.5
36.7
78.2
66.9
63.5
27
6
3
18
1
24
7
1
3.1
18
0
1
0
0.0
0
0
0
0
0
39.6
2 (0)
430
2
0
0
0
24
250
118
38
# 98
DI
10
203
106
95
2
47.3
49.1
44.6
51.8
61.4
3
0
1
2
0
12
0
2
14.3
6
0
0
0
0
0
0
0
0
0.0
1 (0)
203
0
0
0
0
20
123
38
22
# 99
DI
17
724
316
405
3
46.7
47.6
28.9
59.4
59.5
34
0
3
31
0
34
8
12
22.2
25
1
0
0
0
0
0
0
0
0.0
8 (3)
723
1
0
0
0
27
488
184
24
# 93
ED
3
61
31
30
0
46.0
39.9
73.5
67.7
-
4
0
0
4
0
3
0
0
0.0
1
0
0
0
0
0
0
0
0
0.0
1 (0)
61
0
0
0
0
0
2
2
57
# 66
DI
2
32
16
16
0
42.9
40.5
71.7
62.5
-
1
1
0
0
0
3
1
0
0.0
1
0
0
0
0
0
0
0
0
0.0
0 (0)
32
0
0
0
0
11
19
2
0
# 57
LB
2
8
8
0
0
39.7
46.8
75.0
-
-
0
0
0
0
0
1
1
0
0.0
1
0
0
0
0
0
0
0
0
0.0
0 (0)
0
8
0
0
0
0
0
0
0