1
Woody Marks
2
David Montgomery
3
Marlin Klein
4
Nico Collins
5
Keylan Rutledge
6
Jaylin Noel
7
Cade Stover
8
Ed Ingram
9
C.J. Stroud
10
Aireontae Ersery
11
Jared Wayne
12
Evan Brown
13
Xavier Hutchinson
14
Foster Moreau
15
Dalton Schultz
16
Blake Fisher
17
Kayshon Boutte
18
Trent Brown
# 04
HB
1
40
18
11
9
2
74.7
55.3
74.5
78.1
60.0
0 (0)
# 32
HB
1
39
14
5
20
0
72.6
76.6
78.4
71.8
-
1 (0)
# 83
TE
1
9
3
0
0
6
72.4
80.8
-
-
51.7
0 (0)
# 12
WR
1
57
42
0
1
14
70.9
71.7
-
62.8
35.9
0 (0)
# 66
G
1
79
0
48
0
31
70.3
-
62.6
-
69.9
0 (0)
# 13
WR
1
24
18
0
0
6
69.3
68.3
-
-
59.1
0 (0)
# 08
TE
1
24
5
0
0
19
68.8
55.4
-
-
68.9
0 (0)
# 69
G
1
79
0
48
0
31
67.8
-
25.9
-
79.9
0 (0)
# 07
QB
1
79
48
0
1
30
67.6
65.6
-
65.1
60.0
0 (0)
# 79
T
1
79
0
48
0
31
67.1
-
78.1
-
62.9
2 (0)
# 17
WR
1
25
11
0
0
14
65.1
65.7
-
-
53.2
0 (0)
# 63
C
1
79
0
48
0
31
64.5
-
74.5
-
60.1
0 (0)
# 19
WR
1
44
31
0
0
13
64.3
62.3
-
-
74.0
0 (0)
# 87
TE
1
35
9
3
0
23
64.0
69.8
51.1
-
56.9
0 (0)
# 86
TE
1
52
36
3
0
13
62.5
61.3
78.5
-
59.7
0 (0)
# 57
T
1
10
0
1
0
9
60.3
-
70.2
-
59.0
0 (0)
# 14
WR
1
36
30
0
0
6
56.8
57.3
-
-
52.9
0 (0)
# 77
T
1
79
0
48
0
31
56.1
-
74.3
-
47.9
1 (0)
