1
Dylan Parham
2
Omar Cooper Jr.
3
Geno Smith
4
Garrett Wilson
5
Braelon Allen
6
Joe Tippmann
7
Adonai Mitchell
8
Josh Myers
9
Olumuyiwa Fashanu
10
Breece Hall
11
Armand Membou
12
Jeremy Ruckert
13
Kenyon Sadiq
14
Jelani Woods
15
Andrew Beck
16
Mason Taylor
17
Isaiah Williams
18
Arian Smith
# 64
G
1
67
0
28
0
39
93.5
-
58.8
-
92.9
0 (0)
# 11
WR
1
5
2
0
0
3
91.9
89.9
-
-
59.9
0 (0)
# 07
QB
1
67
28
0
4
35
84.6
88.4
-
51.6
60.0
2 (0)
# 05
WR
1
50
23
0
0
27
72.2
71.6
-
-
59.4
1 (0)
# 00
HB
1
27
10
3
11
3
70.8
48.1
78.1
72.1
60.0
0 (0)
# 66
G
1
67
0
28
0
39
69.3
-
67.6
-
66.5
0 (0)
# 15
WR
1
46
23
0
0
23
68.8
73.5
-
-
36.3
0 (0)
# 71
C
1
67
0
28
0
39
68.2
-
63.7
-
67.4
1 (0)
# 74
T
1
67
0
28
0
39
68.1
-
76.3
-
68.5
1 (0)
# 20
HB
1
39
9
5
23
2
67.4
67.8
79.7
64.8
60.0
0 (0)
# 70
T
1
67
0
28
0
39
58.5
-
84.0
-
46.0
0 (0)
# 89
TE
1
29
6
2
0
21
57.7
53.5
70.6
-
59.5
0 (0)
# 16
TE
1
28
12
1
1
14
56.2
55.3
65.9
62.1
62.8
1 (0)
# 86
TE
1
16
2
3
0
11
55.7
57.9
74.2
-
66.7
1 (0)
# 47
FB
1
9
1
0
0
8
55.4
59.9
-
-
55.9
0 (0)
# 85
TE
1
44
17
1
0
26
54.3
46.0
69.6
-
76.2
1 (0)
# 18
WR
1
40
19
0
0
21
51.7
52.4
-
-
53.2
0 (0)
# 82
WR
1
2
1
0
0
1
29.3
40.7
-
-
60.0
0 (0)
