1
Bucky Irving
2
Emeka Egbuka
3
Payne Durham
4
Luke Goedeke
5
Chris Godwin
6
Ted Hurst
6
Ben Bredeson
8
Kenneth Gainwell
8
Ko Kieft
10
Bauer Sharp
11
Kameron Johnson
12
Cody Mauch
13
Cade Otton
14
Graham Barton
15
Baker Mayfield
16
Tristan Wirfs
17
Tez Johnson
# 07
HB
1
35
22
3
10
0
74.1
44.4
75.0
86.2
-
0 (0)
# 02
WR
1
49
33
2
0
14
73.3
73.3
71.9
-
49.7
0 (0)
# 87
TE
1
7
1
2
0
4
72.2
56.6
72.9
-
70.3
0 (0)
# 67
T
1
57
0
39
0
18
66.8
-
63.8
-
66.7
0 (0)
# 14
WR
1
49
35
0
1
13
63.0
64.5
-
59.2
45.9
0 (0)
# 17
WR
1
43
31
0
0
12
61.4
61.1
-
-
58.8
0 (0)
# 68
G
1
57
0
39
0
18
61.4
-
38.9
-
69.2
0 (0)
# 01
HB
1
26
14
3
5
4
60.0
66.4
72.7
55.3
60.0
0 (0)
# 41
TE
1
1
0
1
0
0
60.0
-
67.2
-
-
0 (0)
# 84
TE
1
1
1
0
0
0
59.3
60.0
-
-
-
0 (0)
# 19
WR
1
5
2
0
0
3
57.2
58.3
-
-
59.2
0 (0)
# 69
G
1
57
0
39
0
18
57.1
-
68.0
-
51.1
1 (1)
# 88
TE
1
56
33
5
0
18
53.0
53.3
45.8
-
65.4
1 (0)
# 62
C
1
57
0
39
0
18
52.4
-
85.4
-
40.4
0 (0)
# 06
QB
1
57
39
0
1
17
50.2
55.1
-
49.0
60.0
1 (0)
# 78
T
1
57
0
39
0
18
46.6
-
80.6
-
33.4
2 (0)
# 15
WR
1
13
7
0
1
5
41.1
42.5
-
59.2
58.5
0 (0)
