1
Keisean Nixon
2
Evan Williams
3
Karl Brooks
4
Javon Hargrave
5
Isaiah McDuffie
6
Benjamin St-Juste
7
Chris McClellan
8
Javon Bullard
9
Brenton Cox Jr.
10
Edgerrin Cooper
11
Brandon Cisse
12
Jonathan Ford
13
Lukas Van Ness
14
Devonte Wyatt
15
Barryn Sorrell
16
Dani Dennis-Sutton
17
Carrington Valentine
18
Xavier McKinney
19
Zaire Franklin
# 25
CB
1
65
31
2
32
78.4
83.4
79.0
85.7
68.3
2
1
1
0
0
4
0
0
0.0
3
0
5
3
60.0
35
11.7
2
17
0
1
0
41.7
0 (0)
2
9
0
0
54
0
0
0
2
# 33
S
1
65
31
0
34
73.6
73.3
85.4
-
71.9
0
0
0
0
0
6
1
0
0.0
1
0
0
0
0
0
0
0
0
0.0
1 (0)
1
19
42
3
0
0
0
0
1
# 94
DI
1
37
16
21
0
73.5
65.0
69.2
71.4
-
2
0
0
2
0
2
0
0
0.0
2
0
0
0
0
0
0
0
0
0.0
0 (0)
37
0
0
0
0
1
13
16
7
# 98
DI
1
30
10
20
0
61.4
69.2
67.4
51.1
-
0
0
0
0
0
1
0
0
0.0
1
0
0
0
0
0
0
0
0
0.0
0 (0)
30
0
0
0
0
2
20
8
0
# 58
LB
1
1
0
0
1
60.9
-
-
-
60.0
0
0
0
0
0
0
0
0
0
0
0
0
0
0
0
0
0
0.0
0 (0)
0
1
0
0
0
0
0
0
0
# 21
CB
1
1
1
0
0
60.0
60.0
-
-
-
0
0
0
0
0
0
0
0
0
0
0
0
0
0
0
0
0
0.0
0 (0)
0
1
0
0
0
0
0
0
0
# 55
DI
1
28
17
11
0
58.3
71.3
66.8
53.2
-
0
0
0
0
0
0
1
0
0.0
0
0
0
0
0
0
0
0
0
0.0
1 (0)
28
0
0
0
0
5
14
6
3
# 07
S
1
35
10
1
24
57.9
61.5
79.4
59.7
64.8
0
0
0
0
0
1
0
0
0.0
1
0
4
2
50.0
4
2.0
9
2
0
0
0
56.3
2 (0)
4
5
0
26
0
0
0
0
4
# 57
ED
1
27
9
12
6
56.9
68.1
74.2
67.7
52.0
3
0
0
3
0
4
0
0
0.0
3
0
1
1
100.0
5
5.0
6
5
0
0
0
87.5
1 (0)
25
1
0
1
0
0
0
0
25
# 56
LB
1
65
31
5
29
56.2
53.7
57.4
75.5
52.8
1
1
0
0
0
5
2
1
12.5
3
0
4
3
75.0
17
5.7
17
9
0
0
0
82.3
0 (0)
17
46
1
1
0
0
0
0
17
# 02
CB
1
49
21
1
27
55.2
52.7
33.1
60.0
53.2
0
0
0
0
1
1
0
1
50.0
1
0
2
1
50.0
39
39.0
0
39
1
0
0
135.4
0 (0)
0
5
0
0
44
0
0
0
0
# 96
DI
1
28
19
9
0
54.6
60.4
71.3
67.5
-
2
1
1
0
0
3
0
0
0.0
1
0
0
0
0
0
0
0
0
0.0
1 (0)
28
0
0
0
0
13
15
0
0
# 90
ED
1
43
21
19
3
53.7
52.5
36.0
67.1
61.6
3
1
0
2
0
1
0
1
50.0
2
0
0
0
0
0
0
0
0
0.0
1 (1)
42
0
0
1
0
0
4
5
33
# 95
DI
1
34
19
15
0
53.3
52.6
70.2
58.8
-
0
0
0
0
0
3
0
0
0.0
2
0
0
0
0
0
0
0
0
0.0
0 (0)
34
0
0
0
0
1
25
7
1
# 99
ED
1
40
23
16
1
52.4
49.9
72.3
71.9
60.0
1
0
0
1
0
2
0
0
0.0
2
0
0
0
0
0
0
0
0
0.0
1 (1)
40
0
0
0
0
0
0
0
40
# 51
ED
1
21
10
10
1
50.4
54.5
70.5
51.0
60.0
0
0
0
0
0
1
0
0
0.0
1
0
0
0
0
0
0
0
0
0.0
0 (0)
21
0
0
0
0
0
2
1
18
# 24
CB
1
16
10
0
6
44.8
62.9
-
-
39.9
0
0
0
0
0
0
0
0
0
0
1
1
100.0
9
9.0
11
9
1
0
0
143.8
0 (0)
0
4
0
0
12
0
0
0
0
# 29
S
1
65
31
0
34
41.3
70.8
78.1
-
36.9
0
0
0
0
0
3
0
0
0.0
2
0
1
1
100.0
16
16.0
0
16
1
0
0
158.3
1 (0)
0
26
31
8
0
0
0
0
0
# 44
LB
1
65
31
4
30
36.4
36.6
78.3
68.0
46.1
1
0
1
0
0
3
2
0
0.0
2
0
4
3
75.0
26
8.7
2
13
0
0
0
91.7
0 (0)
0
60
0
5
0
0
0
0
0
