1
Tony Jefferson
2
Genesis Smith
3
Troy Dye
4
Elijah Molden
5
Teair Tart
6
Del'Shawn Phillips
7
Jamaree Caldwell
8
Akheem Mesidor
9
Dalvin Tomlinson
10
Cam Hart
11
Khalil Mack
12
Daiyan Henley
13
Rodney Shelley
14
Tarheeb Still
14
Bud Dupree
16
Derwin James Jr.
17
Tuli Tuipulotu
18
Justin Eboigbe
19
Donte Jackson
20
Nick Barrett
# 23
S
1
39
24
1
14
82.3
57.5
28.8
66.0
83.0
0
0
0
0
0
1
1
1
33.3
1
0
1
0
0.0
0
0
0
0
1
39.6
0 (0)
0
17
21
1
0
0
0
0
0
# 22
S
1
27
7
0
20
77.5
67.1
82.1
-
71.4
0
0
0
0
0
4
0
0
0.0
2
0
2
1
50.0
5
5.0
1
5
0
0
0
56.3
0 (0)
0
8
17
2
0
0
0
0
0
# 43
LB
1
15
10
0
5
73.1
60.9
79.9
77.5
64.1
1
1
0
0
0
3
1
0
0.0
2
0
2
2
100.0
13
6.5
7
9
0
0
0
93.8
0 (0)
0
13
0
2
0
0
0
0
0
# 02
S
1
53
19
0
34
71.5
67.3
84.4
-
66.8
0
0
0
0
0
4
1
0
0.0
1
0
0
0
0
0
0
0
0
0.0
0 (0)
0
5
47
1
0
0
0
0
0
# 93
DI
1
31
12
19
0
70.3
72.8
68.4
57.0
-
0
0
0
0
0
2
0
0
0.0
2
0
0
0
0
0
0
0
0
0.0
0 (0)
31
0
0
0
0
3
25
3
0
# 53
LB
1
41
22
3
16
70.0
78.3
52.0
65.1
51.0
1
0
1
0
0
3
2
1
16.7
2
0
2
2
100.0
22
11.0
11
17
0
0
0
112.5
0 (0)
0
38
0
3
0
0
0
0
0
# 99
DI
1
40
24
16
0
65.4
62.4
70.5
63.5
-
1
0
1
0
0
4
0
0
0.0
2
0
0
0
0
0
0
0
0
0.0
0 (0)
40
0
0
0
0
4
28
8
0
# 90
ED
1
35
13
22
0
64.4
58.7
71.4
64.5
-
1
0
0
1
0
1
1
0
0.0
0
0
0
0
0
0
0
0
0
0.0
0 (0)
35
0
0
0
0
0
1
3
31
# 94
DI
1
40
22
18
0
64.2
68.0
29.9
52.0
-
0
0
0
0
0
1
2
1
25.0
1
0
0
0
0
0
0
0
0
0.0
0 (0)
40
0
0
0
0
1
36
3
0
# 20
CB
1
63
25
0
38
62.2
41.9
79.8
-
66.4
0
0
0
0
0
6
0
0
0.0
2
0
6
5
83.3
70
14.0
13
33
0
0
1
115.3
0 (0)
0
7
0
0
56
0
0
0
0
# 52
ED
1
51
20
31
0
62.1
61.8
25.3
59.4
-
2
0
1
1
0
1
0
1
50.0
1
0
0
0
0
0
0
0
0
0.0
0 (0)
51
0
0
0
0
0
0
2
49
# 00
LB
1
67
26
7
34
60.5
59.2
65.1
61.3
60.3
1
1
0
0
0
8
4
1
7.7
4
0
3
3
100.0
28
9.3
22
14
0
0
0
105.6
0 (0)
8
52
0
7
0
0
0
0
8
# 24
CB
1
1
0
0
1
60.4
-
-
-
60.0
0
0
0
0
0
0
0
0
0
0
0
0
0
0
0
0
0
0.0
0 (0)
0
1
0
0
0
0
0
0
0
# 04
CB
1
66
29
2
35
60.0
57.5
37.9
56.2
61.1
0
0
0
0
0
3
0
1
25.0
1
0
3
2
66.7
28
14.0
5
17
0
0
0
96.5
0 (0)
0
12
0
28
26
0
0
0
0
# 48
ED
1
23
10
11
2
60.0
60.7
70.5
57.3
60.5
1
0
0
1
0
0
1
0
0.0
0
0
0
0
0
0
0
0
0
0.0
0 (0)
23
0
0
0
0
0
0
0
23
# 03
S
1
75
33
4
38
53.9
60.3
47.0
53.3
53.7
1
0
0
1
0
8
2
3
23.1
3
0
9
7
77.8
42
6.0
20
10
1
0
1
123.1
0 (0)
5
26
15
28
1
0
0
0
5
# 45
ED
1
54
23
23
8
51.3
50.8
28.1
65.8
42.5
3
0
3
0
0
4
0
2
33.3
3
0
1
1
100.0
11
11.0
9
11
0
0
0
112.5
0 (0)
53
1
0
0
0
0
0
3
50
# 92
DI
1
45
21
23
1
50.4
53.1
70.5
52.9
60.0
0
0
0
0
0
1
1
0
0.0
1
0
0
0
0
0
0
0
0
0.0
0 (0)
45
0
0
0
0
0
20
21
4
# 26
CB
1
51
15
0
36
32.6
63.7
75.1
-
29.7
0
0
0
0
0
2
0
0
0.0
0
0
6
4
66.7
58
14.5
4
27
0
0
0
97.9
1 (0)
0
7
0
1
43
0
0
0
0
# 91
DI
1
8
8
0
0
27.5
29.9
-
-
-
0
0
0
0
0
0
0
0
0
0
0
0
0
0
0
0
0
0.0
0 (0)
8
0
0
0
0
0
3
5
0
