1
Justin Jefferson
2
Josh Oliver
3
Christian Darrisaw
4
Aaron Jones
5
Jordan Mason
6
T.J. Hockenson
7
Carson Wentz
8
DeeJay Dallas
9
Donovan Jackson
10
Tai Felton
10
Myles Price
12
Max Bredeson
13
Brian O'Neill
14
Blake Brandel
15
Jordan Addison
16
Will Fries
17
Jauan Jennings
18
Kyler Murray
# 18
WR
1
60
34
0
0
26
90.3
89.9
-
-
62.6
0 (0)
# 84
TE
1
42
9
3
0
30
76.5
89.4
23.3
-
62.7
0 (0)
# 71
T
1
65
0
34
0
31
68.6
-
65.2
-
67.3
0 (0)
# 33
HB
1
30
11
6
12
1
67.0
54.5
78.8
66.7
60.0
0 (0)
# 27
HB
1
29
7
4
15
3
66.4
55.0
75.8
65.8
60.0
0 (0)
# 87
TE
1
43
27
2
0
14
66.3
64.7
68.1
-
61.9
0 (0)
# 11
QB
1
54
27
0
4
23
63.4
62.3
-
61.1
60.0
0 (0)
# 31
HB
1
6
4
2
0
0
62.5
62.5
76.2
-
-
0 (0)
# 74
G
1
65
0
34
0
31
62.0
-
88.4
-
53.3
0 (0)
# 13
WR
1
3
0
0
0
3
60.0
-
-
-
60.0
0 (0)
# 04
WR
1
3
0
0
0
3
60.0
-
-
-
60.0
0 (0)
# 45
FB
1
24
2
4
0
18
59.7
57.9
77.1
-
58.7
0 (0)
# 75
T
1
65
0
34
0
31
59.4
-
56.9
-
66.9
1 (0)
# 64
C
1
65
0
34
0
31
52.6
-
78.4
-
52.0
1 (0)
# 03
WR
1
54
32
0
0
22
49.9
50.8
-
-
49.0
0 (0)
# 76
G
1
65
0
34
0
31
48.1
-
30.0
-
52.9
0 (0)
# 14
WR
1
31
23
0
0
8
46.4
50.6
-
-
36.1
0 (0)
# 01
QB
1
11
7
0
0
4
35.2
39.6
-
51.1
60.0
0 (0)
