1
Ventrell Miller
2
Branson Combs
3
Foyesade Oluokun
4
Josh Hines-Allen
5
Travis Hunter
5
Travon Walker
7
DaVon Hamilton
8
Christian Braswell
9
Montaric Brown
10
Rayuan Lane III
11
Jarrian Jones
12
Caleb Ransaw
13
Antonio Johnson
14
Jourdan Lewis
15
Ruke Orhorhoro
16
Albert Regis
16
Jahlani Tavai
18
Matt Dickerson
19
Danny Striggow
20
Eric Murray
21
Dennis Gardeck
22
Arik Armstead
# 51
LB
1
33
15
4
14
92.4
62.7
59.2
79.7
92.1
2
1
0
1
0
7
1
1
11.1
5
1
2
2
100.0
6
3.0
6
5
0
0
0
79.2
0 (0)
1
31
0
1
0
0
0
0
1
# 50
LB
1
15
8
1
6
84.3
74.6
78.5
73.0
68.6
1
1
0
0
0
1
3
0
0.0
1
0
0
0
0
0
0
0
0
0.0
0 (0)
1
11
0
3
0
0
0
0
1
# 23
LB
1
34
10
2
22
82.7
29.1
77.8
56.6
91.7
0
0
0
0
0
4
0
0
0.0
2
0
2
2
100.0
15
7.5
16
9
0
1
0
58.3
0 (0)
1
29
0
4
0
0
0
0
1
# 41
ED
1
38
13
22
3
78.2
75.7
27.3
77.3
41.8
5
2
0
3
0
3
0
3
50.0
5
1
0
0
0
0
0
0
0
0.0
0 (0)
38
0
0
0
0
0
0
1
37
# 12
CB
1
29
8
0
21
69.1
60.4
72.5
-
69.1
0
0
0
0
0
1
0
0
0.0
1
0
1
1
100.0
4
4.0
0
4
0
0
0
83.3
0 (0)
0
0
0
0
29
0
0
0
0
# 44
ED
1
34
7
25
2
69.1
59.9
70.8
67.7
60.6
7
2
1
4
0
0
0
0
1
0
0
0
0
0
0
0
0
0.0
0 (0)
34
0
0
0
0
0
7
4
23
# 52
DI
1
19
12
7
0
67.4
68.1
28.4
55.0
-
1
0
1
0
0
2
0
1
33.3
2
0
0
0
0
0
0
0
0
0.0
0 (0)
19
0
0
0
0
2
17
0
0
# 21
CB
1
6
3
0
3
64.3
60.0
-
-
63.5
0
0
0
0
0
0
0
0
0
0
0
0
0
0
0
0
0
0.0
0 (0)
0
0
0
0
6
0
0
0
0
# 01
CB
1
38
16
0
22
63.7
80.1
78.3
-
54.8
0
0
0
0
0
3
1
0
0.0
2
0
4
2
50.0
59
29.5
2
46
1
0
0
135.4
0 (0)
0
5
0
0
33
0
0
0
0
# 25
S
1
6
3
0
3
62.4
60.0
-
-
61.1
0
0
0
0
0
0
0
0
0
0
0
0
0
0
0
0
0
0.0
0 (0)
0
0
4
2
0
0
0
0
0
# 04
CB
1
37
11
1
25
58.9
52.5
26.5
60.0
62.0
1
0
0
1
0
0
0
1
100.0
0
0
3
1
33.3
5
5.0
7
5
0
0
0
42.4
0 (0)
1
4
0
3
29
0
0
0
1
# 27
S
1
33
10
2
21
58.8
66.0
85.3
57.3
56.4
1
0
0
1
0
5
1
0
0.0
1
0
0
0
0
0
0
0
0
0.0
0 (0)
1
10
21
1
0
0
0
0
1
# 06
S
1
45
15
2
28
56.9
71.1
80.6
56.7
52.4
1
0
0
1
0
2
2
0
0.0
0
0
3
2
66.7
29
14.5
13
20
0
0
0
97.9
0 (0)
2
23
13
7
0
0
0
0
2
# 02
CB
1
28
7
2
19
55.7
82.6
77.4
54.7
47.4
0
0
0
0
0
3
0
0
0.0
1
0
2
2
100.0
37
18.5
10
25
0
0
0
118.8
0 (0)
1
2
0
25
0
0
0
0
1
# 99
DI
1
18
8
9
1
53.8
57.0
67.3
53.7
60.0
1
0
0
1
0
0
1
0
0.0
0
0
0
0
0
0
0
0
0
0.0
0 (0)
18
0
0
0
0
0
14
4
0
# 98
DI
1
12
5
7
0
51.9
55.1
66.8
55.7
-
0
0
0
0
0
1
0
0
0.0
0
0
0
0
0
0
0
0
0
0.0
0 (0)
12
0
0
0
0
4
8
0
0
# 31
LB
1
6
3
1
2
51.9
63.5
29.7
60.0
50.7
0
0
0
0
0
0
1
1
50.0
0
0
0
0
0
0
0
0
0
0.0
0 (0)
0
6
0
0
0
0
0
0
0
# 93
DI
1
18
10
8
0
51.2
50.0
-
60.7
-
1
0
1
0
0
0
0
0
0
0
0
0
0
0
0
0
0
0.0
0 (0)
18
0
0
0
0
0
10
8
0
# 92
ED
1
24
13
7
4
50.3
55.0
72.0
63.3
44.7
0
0
0
0
0
1
1
1
33.3
0
0
1
1
100.0
9
9.0
8
9
0
0
0
104.2
0 (0)
24
0
0
0
0
0
1
2
21
# 29
S
1
33
10
1
22
46.7
56.5
24.6
60.0
50.3
0
0
0
0
0
1
0
2
66.7
0
0
1
1
100.0
11
11.0
12
11
0
0
0
112.5
0 (0)
0
4
27
2
0
0
0
0
0
# 47
ED
1
26
7
13
6
36.4
61.7
27.8
49.1
30.1
2
0
1
1
0
1
1
1
33.3
0
0
2
2
100.0
30
15.0
24
16
0
0
0
118.8
0 (0)
19
6
0
1
0
0
0
0
19
# 91
DI
1
29
4
24
1
29.4
37.4
69.2
48.2
55.7
0
0
0
0
0
1
1
0
0.0
1
0
0
0
0
0
0
0
0
0.0
0 (0)
29
0
0
0
0
0
17
12
0
