1
Arden Key
2
Kenneth Harris
3
Micheal Clemons
4
Adetomiwa Adebawore
5
Akeem Davis-Gaither
6
DeForest Buckner
7
Jonathan Owens
8
Tim Smith
9
Laiatu Latu
10
Camryn Bynum
11
JT Tuimoloau
12
Jerry Tillery
13
Caden Curry
14
Bryce Boettcher
15
Sauce Gardner
16
Justin Walley
17
Jaylon Carlies
18
Charvarius Ward
19
Grover Stewart
20
A.J. Haulcy
# 98
ED
1
48
25
19
4
74.3
56.0
49.2
81.3
64.3
3
1
0
2
0
2
1
1
25.0
3
1
0
0
0
0
0
0
0
0.0
0 (0)
48
0
0
0
0
0
2
0
46
# 33
CB
1
4
0
0
4
65.0
-
72.8
-
64.8
0
0
0
0
0
1
0
0
0.0
0
0
0
0
0
0
0
0
0
0.0
0 (0)
0
0
0
0
4
0
0
0
0
# 72
ED
1
14
6
8
0
64.2
62.0
67.3
61.6
-
1
0
0
1
0
0
1
0
0.0
0
0
0
0
0
0
0
0
0
0.0
0 (0)
14
0
0
0
0
1
7
2
4
# 95
DI
1
18
9
9
0
62.9
49.1
66.8
76.3
-
0
0
0
0
0
1
0
0
0.0
1
0
0
0
0
0
0
0
0
0.0
0 (0)
18
0
0
0
0
0
11
7
0
# 51
LB
1
64
35
3
26
62.3
75.2
70.0
67.7
42.0
1
0
0
1
0
6
3
1
10.0
2
0
2
2
100.0
36
18.0
24
19
0
0
0
118.8
0 (0)
3
60
0
1
0
0
0
0
3
# 99
DI
1
51
23
28
0
61.1
32.2
29.7
90.2
-
6
1
0
5
0
1
0
1
50.0
2
0
0
0
0
0
0
0
0
0.0
0 (0)
50
1
0
0
0
3
34
9
4
# 38
S
1
2
0
0
2
60.2
-
-
-
60.2
0
0
0
0
0
0
0
0
0
0
0
0
0
0
0
0
0
0.0
0 (0)
0
0
2
0
0
0
0
0
0
# 93
DI
1
13
9
4
0
59.5
60.2
69.0
57.5
-
0
0
0
0
0
2
0
0
0.0
1
0
0
0
0
0
0
0
0
0.0
0 (0)
13
0
0
0
0
5
6
2
0
# 97
ED
1
57
28
27
2
56.4
63.4
55.4
56.6
43.2
4
0
0
4
0
5
1
2
25.0
2
0
1
1
100.0
10
10.0
10
10
0
0
0
108.3
0 (0)
57
0
0
0
0
0
1
0
56
# 00
S
1
68
35
3
30
55.6
56.7
84.6
54.2
57.6
0
0
0
0
0
7
0
0
0.0
1
0
3
2
66.7
22
11.0
8
13
0
0
0
88.2
0 (0)
3
22
35
6
2
0
0
0
3
# 91
ED
1
23
12
8
3
54.1
50.7
28.8
60.7
60.7
1
0
1
0
0
1
0
1
50.0
1
0
0
0
0
0
0
0
0
0.0
0 (0)
23
0
0
0
0
0
0
2
21
# 94
DI
1
36
26
10
0
53.8
51.0
69.9
66.6
-
0
0
0
0
0
3
0
0
0.0
2
0
0
0
0
0
0
0
0
0.0
0 (0)
36
0
0
0
0
2
32
1
1
# 55
ED
1
3
0
3
0
51.7
-
-
53.4
-
0
0
0
0
0
0
0
0
0
0
0
0
0
0
0
0
0
0.0
0 (0)
2
1
0
0
0
0
0
2
0
# 50
LB
1
23
14
3
6
50.5
56.5
30.1
57.6
50.9
0
0
0
0
0
3
3
2
25.0
2
0
1
1
100.0
17
17.0
5
17
0
0
0
118.8
0 (0)
5
18
0
0
0
0
0
0
5
# 01
CB
1
68
35
0
33
47.9
41.6
44.4
-
51.6
0
0
0
0
0
1
0
1
50.0
0
0
2
1
50.0
12
12.0
1
12
0
0
0
68.8
0 (0)
1
13
0
5
49
0
0
0
1
# 27
CB
1
39
14
1
24
43.5
64.4
81.0
56.8
40.7
0
0
0
0
0
5
1
0
0.0
1
0
5
5
100.0
93
18.6
38
49
0
0
0
118.8
0 (0)
2
9
3
22
3
0
0
0
2
# 57
LB
1
42
21
4
17
40.3
38.3
-
53.9
54.4
2
0
0
2
0
0
0
0
0
0
2
1
50.0
13
13.0
12
13
0
0
0
70.8
0 (0)
8
30
0
3
1
0
0
0
8
# 07
CB
1
65
32
1
32
37.8
44.7
74.4
59.5
38.2
0
0
0
0
0
1
0
0
0.0
0
0
5
2
40.0
57
28.5
23
53
0
0
0
82.9
0 (0)
1
3
0
12
49
0
0
0
1
# 90
DI
1
43
26
16
1
32.9
31.5
68.6
62.0
59.7
2
1
0
1
0
0
0
0
0
0
0
0
0
0
0
0
0
0.0
0 (0)
43
0
0
0
0
30
13
0
0
# 25
S
1
67
35
1
31
32.4
51.5
84.0
58.8
35.6
0
0
0
0
0
5
3
0
0.0
1
0
3
2
66.7
64
32.0
50
54
1
0
0
149.3
0 (0)
0
27
33
4
3
0
0
0
0
