1
Donovan Ezeiruaku
2
Otito Ogbonnia
3
Quinnen Williams
4
Jaishawn Barham
5
Cobie Durant
6
Caleb Downs
7
Shemar James
8
DaRon Bland
9
LT Overton
10
Von Miller
11
Kenny Clark
12
Rashan Gary
13
Shavon Revel
14
Malik Hooker
15
Jalen Thompson
16
Dee Winters
17
James Houston
18
Malachi Lawrence
19
Jonathan Bullard
20
P.J. Locke
21
DeMarvion Overshown
# 06
ED
1
42
19
20
3
86.5
74.5
77.4
64.9
92.5
2
0
1
1
0
7
1
0
0.0
3
1
1
1
100.0
16
16.0
0
16
0
0
0
118.8
1 (0)
42
0
0
0
0
0
0
1
41
# 91
DI
1
40
25
15
0
82.7
75.8
70.0
72.3
-
1
0
0
1
0
3
0
0
0.0
3
0
0
0
0
0
0
0
0
0.0
0 (0)
40
0
0
0
0
7
24
8
1
# 92
DI
1
53
27
26
0
78.0
87.5
28.3
59.7
-
1
0
1
0
0
1
1
1
33.3
0
1
0
0
0
0
0
0
0
0.0
1 (0)
52
1
0
0
0
2
33
15
2
# 55
LB
1
34
19
2
13
75.9
73.2
45.4
55.9
80.6
0
0
0
0
0
4
1
1
16.7
2
0
1
1
100.0
-7
-7.0
2
-7
0
0
0
79.2
1 (0)
8
26
0
0
0
0
0
0
8
# 02
CB
1
50
24
0
26
73.7
58.0
45.2
-
77.2
0
0
0
0
0
2
0
0
0.0
0
1
3
1
33.3
18
18.0
0
18
0
0
1
54.9
0 (0)
0
2
0
1
47
0
0
0
0
# 13
S
1
61
30
2
29
68.9
72.9
58.5
81.1
59.4
1
1
0
0
0
5
1
1
14.3
2
1
1
1
100.0
5
5.0
2
5
0
0
0
87.5
0 (0)
0
18
9
34
0
0
0
0
0
# 50
LB
1
1
1
0
0
60.2
60.0
-
-
-
0
0
0
0
0
0
0
0
0
0
0
0
0
0
0
0
0
0.0
0 (0)
0
1
0
0
0
0
0
0
0
# 26
CB
1
69
35
0
34
60.1
62.8
81.1
-
58.5
0
0
0
0
0
6
2
0
0.0
5
0
5
4
80.0
38
9.5
2
15
1
0
0
137.9
0 (0)
0
11
0
0
58
0
0
0
0
# 99
ED
1
18
11
7
0
58.2
55.2
66.8
64.0
-
0
0
0
0
1
1
0
0
0.0
0
0
0
0
0
0
0
0
0
0.0
0 (0)
18
0
0
0
0
0
9
8
1
# 40
ED
1
11
6
4
1
57.8
60.3
-
54.5
60.0
0
0
0
0
0
0
0
0
0
0
0
0
0
0
0
0
0
0.0
0 (0)
10
0
0
1
0
0
0
0
10
# 97
DI
1
50
24
26
0
56.5
55.8
69.1
57.9
-
1
0
0
1
0
2
0
0
0.0
1
0
0
0
0
0
0
0
0
0.0
0 (0)
50
0
0
0
0
14
23
13
0
# 07
ED
1
41
19
20
2
51.1
47.4
72.0
57.7
60.9
2
0
2
0
0
1
1
0
0.0
1
0
0
0
0
0
0
0
0
0.0
0 (0)
40
0
0
1
0
0
0
2
38
# 28
CB
1
20
11
0
9
50.9
37.0
72.8
-
64.1
0
0
0
0
0
1
0
0
0.0
0
0
2
1
50.0
19
19.0
5
19
0
0
0
83.3
0 (0)
0
3
0
0
17
0
0
0
0
# 24
S
1
12
6
0
6
45.1
60.0
75.2
-
47.7
0
0
0
0
0
1
0
0
0.0
0
0
1
1
100.0
13
13.0
4
13
0
0
0
118.8
0 (0)
0
1
11
0
0
0
0
0
0
# 34
S
1
69
35
0
34
43.7
60.7
68.6
-
43.1
0
0
0
0
0
4
5
1
10.0
0
0
5
4
80.0
38
9.5
44
13
1
0
0
137.9
0 (0)
0
15
50
4
0
0
0
0
0
# 53
LB
1
40
17
0
23
43.2
40.7
45.8
-
51.6
0
0
0
0
0
3
1
1
20.0
0
0
4
4
100.0
40
10.0
21
19
0
0
0
108.3
0 (0)
1
27
0
12
0
0
0
0
1
# 41
ED
1
10
8
2
0
37.9
44.5
70.5
58.3
-
0
0
0
0
0
0
1
0
0.0
0
0
0
0
0
0
0
0
0
0.0
0 (0)
10
0
0
0
0
0
0
0
10
# 57
ED
1
30
17
11
2
34.8
37.2
26.4
64.5
41.7
1
0
0
1
0
4
1
2
28.6
1
0
0
0
0
0
0
0
0
0.0
0 (0)
29
0
0
1
0
0
0
3
26
# 90
DI
1
29
18
11
0
33.8
31.1
69.6
59.0
-
1
0
0
1
0
1
0
0
0.0
0
0
0
0
0
0
0
0
0
0.0
0 (0)
29
0
0
0
0
0
8
15
6
# 01
S
1
28
8
0
20
33.0
51.2
31.9
-
42.5
0
0
0
0
0
1
1
1
33.3
0
0
1
1
100.0
12
12.0
0
12
0
0
0
116.7
0 (0)
0
5
20
3
0
0
0
0
0
# 00
LB
1
51
25
4
22
29.4
63.5
37.1
64.0
28.2
1
0
0
1
0
3
3
2
25.0
1
0
4
4
100.0
38
9.5
13
16
1
0
0
145.8
1 (0)
2
46
0
3
0
0
0
0
2
