1
Quinn Meinerz
2
Evan Engram
3
Garett Bolles
4
Adam Prentice
5
Mike McGlinchey
6
Pat Bryant
7
RJ Harvey
8
Jonah Coleman
8
Pat Surtain II
10
J.K. Dobbins
11
Marvin Mims Jr.
12
Luke Wattenberg
13
Nate Adkins
13
Jaylen Waddle
15
Courtland Sutton
16
Troy Franklin
17
Adam Trautman
18
Ben Powers
19
Bo Nix
# 77
G
1
51
0
35
0
16
79.9
-
76.7
-
78.1
0 (0)
# 01
TE
1
32
23
2
0
7
76.9
78.2
23.2
-
66.9
0 (0)
# 72
T
1
51
0
35
0
16
70.1
-
84.8
-
52.9
1 (1)
# 46
FB
1
6
1
2
0
3
68.8
59.9
78.7
-
65.8
0 (0)
# 69
T
1
51
0
35
0
16
62.7
-
66.5
-
56.1
0 (0)
# 13
WR
1
30
22
0
0
8
62.2
72.5
-
-
30.0
2 (0)
# 12
HB
1
26
15
5
4
2
60.2
68.9
15.3
66.3
60.0
0 (0)
# 20
HB
1
3
0
1
0
2
60.0
-
70.4
-
60.0
0 (0)
# 02
CB
1
1
0
0
0
1
60.0
-
-
-
60.0
0 (0)
# 27
HB
1
22
7
6
9
0
56.0
54.5
24.9
60.9
-
0 (0)
# 19
WR
1
9
6
0
0
3
54.5
56.4
-
-
55.7
0 (0)
# 60
C
1
51
0
35
0
16
51.6
-
22.8
-
63.9
0 (0)
# 45
TE
1
13
4
2
0
7
46.9
55.1
16.8
-
55.6
0 (0)
# 17
WR
1
38
29
0
0
9
46.9
47.2
-
-
58.7
0 (0)
# 14
WR
1
39
30
0
0
9
45.5
49.6
-
-
31.1
0 (0)
# 11
WR
1
17
10
0
1
6
44.7
46.0
-
59.2
60.2
1 (0)
# 82
TE
1
19
8
2
0
9
43.9
39.2
71.0
-
57.5
0 (0)
# 74
G
1
51
0
35
0
16
43.8
-
39.8
-
45.2
0 (0)
# 10
QB
1
51
35
0
2
14
37.4
45.5
-
41.6
60.0
1 (0)
