1
Roy Lopez
2
Mack Wilson Sr.
3
Andrew Wingard
4
Kei'Trel Clark
5
Max Melton
6
Kitan Crawford
7
Kalen King
8
Zaven Collins
9
Budda Baker
10
Baron Browning
11
Jordan Burch
12
Jack Gibbens
13
Darius Robinson
14
Will Johnson
15
Eku Leota
16
Walter Nolen
17
Dante Stills
18
Denzel Burke
19
Josh Sweat
20
L.J. Collier
# 51
DI
1
26
12
14
0
90.6
86.4
71.8
74.0
-
1
0
0
1
0
3
2
0
0.0
2
0
0
0
0
0
0
0
0
0.0
0 (0)
26
0
0
0
0
17
9
0
0
# 01
LB
1
55
16
1
38
78.0
47.6
29.9
59.6
88.8
0
0
0
0
0
4
3
3
30.0
1
0
2
1
50.0
6
6.0
8
6
0
0
1
56.3
0 (0)
0
48
0
7
0
0
0
0
0
# 28
S
1
55
16
0
39
77.0
58.2
38.6
-
75.3
0
0
0
0
0
3
0
1
25.0
2
0
2
2
100.0
45
22.5
27
26
0
1
0
79.2
0 (0)
0
18
32
5
0
0
0
0
0
# 13
CB
1
9
0
0
9
74.6
-
-
-
74.8
0
0
0
0
0
0
0
0
0
0
2
0
0.0
0
0
0
0
1
39.6
0 (0)
0
0
0
0
9
0
0
0
0
# 16
CB
1
24
9
0
15
68.9
29.3
25.9
-
85.0
0
0
0
0
0
1
0
2
66.7
1
0
4
1
25.0
3
3.0
6
3
0
0
2
39.6
1 (0)
0
1
0
0
23
0
0
0
0
# 36
S
1
7
3
0
4
66.1
61.3
75.2
-
62.2
0
0
0
0
0
1
0
0
0.0
0
0
0
0
0
0
0
0
0
0.0
0 (0)
0
4
1
2
0
0
0
0
0
# 35
CB
1
5
1
0
4
65.8
60.0
73.0
-
65.3
0
0
0
0
0
0
1
0
0.0
0
0
0
0
0
0
0
0
0
0.0
0 (0)
0
0
0
5
0
0
0
0
0
# 25
ED
1
27
8
15
4
65.2
59.1
73.9
63.8
64.1
1
0
0
1
0
3
0
0
0.0
2
0
1
1
100.0
8
8.0
3
8
0
0
0
100.0
0 (0)
26
0
0
1
0
0
0
0
26
# 03
S
1
55
16
3
36
64.1
64.5
83.6
71.9
59.7
1
1
0
0
0
4
0
0
0.0
2
0
2
2
100.0
29
14.5
0
18
0
0
0
118.8
0 (0)
2
18
26
9
0
0
0
0
2
# 05
ED
1
27
7
11
9
63.3
59.0
-
58.9
65.6
0
0
0
0
0
0
0
0
0
0
0
0
0
0
0
0
0
0.0
0 (0)
24
0
0
3
0
0
0
0
24
# 52
ED
1
21
8
13
0
62.5
59.5
73.6
59.8
60.5
3
1
0
2
0
2
0
0
0.0
2
0
0
0
0
0
0
0
0
0.0
0 (0)
21
0
0
0
0
0
0
0
21
# 50
LB
1
54
16
3
35
61.7
59.6
61.7
73.4
58.5
1
1
0
0
0
6
2
1
11.1
2
0
3
3
100.0
33
11.0
22
13
1
0
0
152.1
0 (0)
2
43
0
9
0
0
0
0
2
# 56
DI
1
19
7
12
0
58.5
49.0
-
69.5
-
2
0
0
2
0
0
0
0
0
0
0
0
0
0
0
0
0
0.0
0 (0)
19
0
0
0
0
0
10
6
3
# 02
CB
1
53
15
0
38
57.6
70.5
78.1
60.0
52.3
1
0
0
1
0
3
1
0
0.0
2
0
4
3
75.0
44
14.7
5
23
0
0
0
110.4
0 (0)
0
6
0
0
47
0
0
0
0
# 54
ED
1
8
2
6
0
54.6
60.0
-
54.3
-
1
0
1
0
0
0
0
0
0
0
0
0
0
0
0
0
0
0.0
0 (0)
8
0
0
0
0
0
0
0
8
# 97
DI
1
36
9
27
0
51.2
41.7
-
63.5
-
1
0
0
1
0
0
0
0
0
0
0
0
0
0
0
0
0
0.0
0 (0)
36
0
0
0
0
0
23
12
1
# 55
DI
1
32
9
23
0
50.5
39.6
26.6
71.8
60.0
4
1
0
3
1
0
0
0
1
0
0
0
0
0
0
0
0
0.0
0 (0)
32
0
0
0
0
0
16
8
8
# 29
CB
1
44
9
0
35
43.7
61.7
77.6
-
41.3
0
0
0
0
0
4
0
0
0.0
1
0
6
4
66.7
41
10.3
5
14
0
0
0
86.1
1 (0)
0
5
0
17
22
0
0
0
0
# 10
ED
1
29
6
23
0
40.4
44.2
69.9
49.3
-
0
0
0
0
0
1
0
0
0.0
1
0
0
0
0
0
0
0
0
0.0
0 (0)
29
0
0
0
0
0
0
0
29
# 91
DI
1
19
7
12
0
33.7
32.3
26.3
58.6
-
1
0
0
1
0
0
1
1
50.0
0
0
0
0
0
0
0
0
0
0.0
0 (0)
19
0
0
0
0
0
13
4
2
