1
Boye Mafe
2
Barrett Carter
3
Dexter Lawrence
4
Jalen Davis
5
Cedric Johnson
6
Bryan Cook
7
Dax Hill
8
DJ Ivey
9
Kris Jenkins
10
Oren Burks
11
DJ Turner II
12
Demetrius Knight Jr.
13
Cashius Howell
14
T.J. Slaton
15
Myles Murphy
16
Jonathan Allen
17
Jordan Battle
18
B.J. Hill
19
Tacario Davis
# 53
ED
1
37
9
26
2
86.5
87.0
36.0
70.0
62.9
4
1
0
3
0
0
0
1
100.0
1
1
0
0
0
0
0
0
0
0.0
0 (0)
37
0
0
0
0
0
0
0
37
# 49
LB
1
57
18
3
36
80.5
58.9
35.6
68.8
81.2
1
1
0
0
0
8
1
3
25.0
4
1
3
3
100.0
25
8.3
41
22
0
0
0
101.4
0 (0)
1
52
0
4
0
0
0
0
1
# 97
DI
1
35
10
25
0
77.6
69.6
22.5
71.1
-
3
0
1
2
0
0
0
2
100.0
0
0
0
0
0
0
0
0
0
0.0
0 (0)
35
0
0
0
0
22
11
2
0
# 35
CB
1
45
13
1
31
70.6
91.1
62.7
60.0
60.9
0
0
0
0
0
2
3
1
16.7
2
0
6
5
83.3
40
8.0
16
13
0
0
1
94.4
0 (0)
0
2
0
42
1
0
0
0
0
# 52
ED
1
19
8
11
0
67.6
73.5
70.5
52.5
-
0
0
0
0
0
0
0
0
0
0
0
0
0
0
0
0
0
0.0
0 (0)
19
0
0
0
0
0
0
0
19
# 06
S
1
57
18
0
39
66.1
53.6
61.2
-
67.0
0
0
0
0
0
6
0
1
14.3
1
1
1
1
100.0
11
11.0
11
11
0
0
0
112.5
0 (0)
0
15
40
1
1
0
0
0
0
# 23
CB
1
57
18
0
39
66.0
84.4
80.8
-
58.4
0
0
0
0
0
7
0
0
0.0
2
0
4
3
75.0
29
9.7
11
16
0
0
0
94.8
0 (0)
0
8
0
6
43
0
0
0
0
# 38
CB
1
6
2
0
4
64.1
60.0
-
-
63.3
0
0
0
0
0
0
0
0
0
0
0
0
0
0
0
0
0
0.0
0 (0)
0
1
1
0
4
0
0
0
0
# 90
DI
1
8
4
4
0
63.7
58.1
66.8
66.6
-
1
1
0
0
0
0
0
0
1
0
0
0
0
0
0
0
0
0.0
0 (0)
8
0
0
0
0
0
6
1
1
# 42
LB
1
3
0
0
3
62.6
-
-
-
61.4
0
0
0
0
0
0
0
0
0
0
0
0
0
0
0
0
0
0.0
0 (0)
0
3
0
0
0
0
0
0
0
# 00
CB
1
56
18
0
38
61.2
54.5
79.2
-
62.3
0
0
0
0
0
3
1
0
0.0
1
0
3
2
66.7
21
10.5
21
17
0
0
0
86.8
0 (0)
0
6
0
2
48
0
0
0
0
# 44
LB
1
51
18
2
31
57.2
44.9
27.3
54.8
66.8
0
0
0
0
0
6
1
3
30.0
1
0
6
5
83.3
38
7.6
39
13
0
0
0
93.1
0 (0)
2
43
0
5
1
0
0
0
2
# 55
ED
1
25
9
16
0
55.3
65.2
-
60.8
60.0
1
0
0
1
0
0
0
0
0
0
0
0
0
0
0
0
0
0.0
0 (0)
25
0
0
0
0
0
0
0
25
# 98
DI
1
21
7
14
0
50.6
59.9
66.8
52.6
61.1
0
0
0
0
0
1
0
0
0.0
1
0
0
0
0
0
0
0
0
0.0
1 (0)
21
0
0
0
0
8
12
1
0
# 99
ED
1
34
10
23
1
48.5
37.4
72.8
60.3
60.0
2
1
1
0
0
1
0
0
0.0
2
1
0
0
0
0
0
0
0
0.0
0 (0)
34
0
0
0
0
0
0
0
34
# 93
DI
1
32
8
24
0
39.6
58.6
38.2
57.5
60.0
2
1
0
1
0
1
2
1
25.0
2
0
0
0
0
0
0
0
0
0.0
2 (0)
32
0
0
0
0
0
24
8
0
# 27
S
1
56
18
0
38
39.3
39.0
57.3
-
47.6
0
0
0
0
0
5
1
1
14.3
1
0
4
4
100.0
52
13.0
31
30
0
0
0
118.8
0 (0)
0
13
34
8
1
0
0
0
0
# 92
DI
1
24
9
15
0
33.1
43.3
-
56.8
-
0
0
0
0
0
0
0
0
0
0
0
0
0
0
0
0
0
0.0
1 (0)
24
0
0
0
0
1
16
6
1
# 20
CB
1
4
1
0
3
30.2
60.0
-
-
33.9
0
0
0
0
0
0
0
0
0
0
0
0
0
0
0
0
0
0.0
1 (0)
0
2
0
1
1
0
0
0
0
