1
Mike Evans
2
Colton McKivitz
3
Trent Williams
4
Deebo Samuel
5
Dominick Puni
6
Jake Brendel
7
Demarcus Robinson
8
Luke Farrell
9
Brock Purdy
10
Christian McCaffrey
11
Connor Colby
12
KhaDarel Hodge
13
Kaelon Black
14
Jake Tonges
15
Kyle Juszczyk
16
George Kittle
17
De'Zhaun Stribling
18
Jacob Cowing
# 05
WR
1
49
27
0
0
22
81.7
80.5
-
-
60.3
0 (0)
# 68
T
1
65
0
37
0
28
75.1
-
65.6
-
77.8
0 (0)
# 71
T
1
65
0
37
0
28
72.2
-
75.1
-
67.1
0 (0)
# 19
WR
1
27
20
0
1
6
69.6
67.4
-
62.8
59.6
0 (0)
# 77
G
1
65
0
37
0
28
69.3
-
82.7
-
62.5
0 (0)
# 64
C
1
65
0
37
0
28
69.0
63.2
64.6
-
67.2
0 (0)
# 11
WR
1
41
22
0
0
19
68.2
69.0
-
-
75.9
1 (1)
# 89
TE
1
46
20
3
0
23
63.6
58.9
74.3
-
63.5
0 (0)
# 13
QB
1
65
37
0
3
25
63.3
58.4
-
72.4
60.0
0 (0)
# 23
HB
1
36
22
1
10
3
61.7
45.5
69.2
75.7
32.5
0 (0)
# 75
G
1
65
0
37
0
28
59.5
-
60.8
-
58.1
0 (0)
# 86
WR
1
1
1
0
0
0
58.3
59.7
-
-
-
0 (0)
# 26
HB
1
28
12
1
14
1
57.2
53.5
66.3
59.1
60.0
0 (0)
# 88
TE
1
8
5
1
0
2
53.4
49.6
67.1
-
60.2
0 (0)
# 44
FB
1
33
11
2
0
20
48.7
48.4
69.1
-
51.5
0 (0)
# 85
TE
1
30
17
2
0
11
47.0
49.7
42.2
-
49.8
0 (0)
# 07
WR
1
21
14
0
0
7
46.8
52.2
-
-
34.3
0 (0)
# 04
WR
1
5
4
0
0
1
44.6
56.0
-
-
30.9
0 (0)
