1
Danielle Hunter
2
Will Anderson Jr.
3
Jalen Pitre
4
Sheldon Rankins
5
Calen Bullock
6
Jake Hansen
7
Jadeveon Clowney
8
Azeez Al-Shaair
9
Kamari Ramsey
10
Henry To'oTo'o
11
Tommy Togiai
12
Dominique Robinson
13
Derek Stingley Jr.
14
Mario Edwards Jr.
15
Logan Hall
16
Kamari Lassiter
17
Reed Blankenship
# 55
ED
1
44
16
28
0
79.3
68.7
69.2
73.9
-
2
0
0
2
1
0
1
0
0.0
0
0
0
0
0
0
0
0
0
0.0
0 (0)
44
0
0
0
0
0
0
0
44
# 51
ED
1
50
19
31
0
76.1
77.4
38.7
63.8
-
4
1
0
3
0
2
0
1
33.3
3
0
0
0
0
0
0
0
0
0.0
0 (0)
50
0
0
0
0
0
0
1
49
# 05
S
1
57
20
1
36
76.0
53.8
78.4
58.8
82.3
0
0
0
0
0
4
2
0
0.0
3
0
2
2
100.0
5
2.5
15
3
0
0
1
79.2
0 (0)
8
20
3
26
0
0
0
0
8
# 98
DI
1
40
14
26
0
75.8
65.3
70.9
65.8
60.9
3
0
0
3
0
0
4
0
0.0
0
0
0
0
0
0
0
0
0
0.0
0 (0)
39
1
0
0
0
0
19
19
1
# 02
S
1
55
19
0
36
69.0
67.0
59.9
-
64.7
0
0
0
0
0
5
1
1
14.3
0
0
2
1
50.0
11
11.0
0
11
0
0
0
66.7
0 (0)
0
5
50
0
0
0
0
0
0
# 35
LB
1
7
2
0
5
64.1
60.0
-
-
62.1
0
0
0
0
0
0
0
0
0
0
0
0
0
0
0
0
0
0.0
0 (0)
0
7
0
0
0
0
0
0
0
# 90
ED
1
20
5
15
0
61.3
58.8
29.9
61.1
-
2
1
1
0
0
0
1
1
50.0
1
0
0
0
0
0
0
0
0
0.0
0 (0)
20
0
0
0
0
0
0
0
20
# 00
LB
1
57
20
0
37
61.0
68.7
41.0
-
54.8
1
0
0
1
0
8
0
2
20.0
6
0
1
1
100.0
16
16.0
3
16
0
0
0
118.8
0 (0)
0
52
0
5
0
0
0
0
0
# 27
S
1
1
0
0
1
60.7
-
-
-
60.0
0
0
0
0
0
0
0
0
0
0
0
0
0
0
0
0
0
0.0
0 (0)
0
0
0
1
0
0
0
0
0
# 39
LB
1
50
18
1
31
59.8
66.7
77.6
59.4
55.9
0
0
0
0
0
1
2
0
0.0
1
0
2
1
50.0
19
19.0
0
19
0
0
0
83.3
0 (0)
1
42
0
7
0
0
0
0
1
# 72
DI
1
39
18
21
0
57.8
60.2
68.8
55.0
-
0
0
0
0
0
1
1
0
0.0
1
0
0
0
0
0
0
0
0
0.0
0 (0)
39
0
0
0
0
2
18
19
0
# 94
ED
1
2
0
2
0
57.7
-
-
57.6
-
0
0
0
0
0
0
0
0
0
0
0
0
0
0
0
0
0
0.0
0 (0)
2
0
0
0
0
0
0
0
2
# 24
CB
1
57
20
0
37
57.0
84.5
79.0
-
46.1
0
0
0
0
0
4
0
0
0.0
0
1
6
4
66.7
68
17.0
9
38
0
0
0
104.9
0 (0)
1
17
0
0
39
0
0
0
1
# 97
DI
1
18
5
13
0
55.7
57.5
66.8
72.9
-
1
1
0
0
0
0
0
0
0
0
0
0
0
0
0
0
0
0.0
1 (0)
18
0
0
0
0
0
16
2
0
# 96
DI
1
22
6
16
0
52.0
53.3
-
56.4
-
0
0
0
0
0
0
0
0
0
0
0
0
0
0
0
0
0
0.0
0 (0)
22
0
0
0
0
0
10
11
1
# 03
CB
1
57
20
0
37
42.8
78.7
27.3
-
34.9
0
0
0
0
0
3
0
2
40.0
1
0
7
5
71.4
95
19.0
33
35
1
0
1
153.3
2 (1)
0
9
0
0
48
0
0
0
0
# 06
S
1
51
18
0
33
41.1
65.0
83.1
-
40.4
0
0
0
0
0
6
0
0
0.0
4
0
6
6
100.0
110
18.3
53
43
1
0
0
158.3
0 (0)
2
15
20
14
0
0
0
0
2
