1
Oluwafemi Oladejo
2
Anthony Hill Jr.
3
Tony Adams
4
Amani Hooker
5
Jermaine Johnson
6
Jeffery Simmons
7
Marcus Harris
8
Cor'Dale Flott
9
Solomon Thomas
10
Cody Barton
11
Truman Jones
12
John Franklin-Myers
13
Alontae Taylor
14
Kevin Winston Jr.
15
Jacob Martin
16
Keldric Faulk
17
Jordan Elliott
18
James Williams
19
Nazir Stackhouse
# 07
ED
1
21
15
6
0
89.3
78.9
73.1
60.8
69.1
1
0
0
1
0
3
0
0
0.0
3
0
0
0
0
0
0
0
0
0.0
0 (0)
21
0
0
0
0
0
0
0
21
# 53
LB
1
67
39
2
26
78.7
64.1
74.3
67.9
78.9
1
0
0
1
0
8
6
1
6.7
4
0
6
3
50.0
23
7.7
17
8
0
0
2
59.7
0 (0)
0
65
0
2
0
0
0
0
0
# 29
S
1
4
2
0
2
67.9
60.0
78.4
-
64.4
0
0
0
0
0
1
1
0
0.0
1
0
0
0
0
0
0
0
0
0.0
0 (0)
0
2
0
2
0
0
0
0
0
# 37
S
1
65
37
1
27
67.0
76.7
52.4
58.8
57.8
0
0
0
0
0
6
4
2
16.7
2
0
3
3
100.0
34
11.3
1
40
0
0
0
113.9
0 (0)
0
41
22
2
0
0
0
0
0
# 11
ED
1
41
23
17
1
66.0
70.5
72.8
52.9
62.1
1
0
0
1
0
1
1
0
0.0
0
0
0
0
0
0
0
0
0
0.0
0 (0)
41
0
0
0
0
0
0
1
40
# 98
DI
1
50
25
25
0
64.1
60.4
70.6
63.8
-
3
0
0
3
0
4
0
0
0.0
2
0
0
0
0
0
0
0
0
0.0
0 (0)
50
0
0
0
0
6
29
15
0
# 26
CB
1
36
16
2
18
61.7
55.7
60.7
53.3
66.1
0
0
0
0
0
6
1
1
12.5
5
0
3
3
100.0
17
5.7
0
7
0
0
0
90.3
0 (0)
1
6
0
29
0
0
0
0
1
# 18
CB
1
66
38
0
28
61.0
65.6
76.7
-
58.5
0
0
0
0
0
3
0
0
0.0
1
0
2
2
100.0
40
20.0
0
22
0
0
0
118.8
0 (0)
1
13
0
0
52
0
0
0
1
# 90
DI
1
20
16
4
0
60.9
57.5
67.3
66.2
-
1
0
0
1
0
0
1
0
0.0
0
0
0
0
0
0
0
0
0
0.0
0 (0)
20
0
0
0
0
0
16
4
0
# 50
LB
1
65
37
3
25
57.7
50.1
76.4
54.8
66.9
0
0
0
0
0
3
0
0
0.0
2
0
2
2
100.0
10
5.0
6
6
0
0
0
87.5
0 (0)
17
45
0
3
0
0
0
0
17
# 56
ED
1
3
1
2
0
56.3
60.0
-
55.9
-
0
0
0
0
0
0
0
0
0
0
0
0
0
0
0
0
0
0.0
0 (0)
3
0
0
0
0
0
0
0
3
# 91
DI
1
40
23
17
0
52.7
55.4
34.1
52.8
-
1
0
0
1
0
3
0
1
25.0
3
0
0
0
0
0
0
0
0
0.0
0 (0)
40
0
0
0
0
0
8
16
16
# 24
CB
1
67
39
1
27
45.2
66.1
54.1
58.6
37.4
0
0
0
0
0
5
0
1
16.7
1
0
2
1
50.0
9
9.0
3
9
0
0
0
62.5
1 (0)
1
15
0
0
51
0
0
0
1
# 23
S
1
67
39
2
26
45.1
51.9
86.6
56.2
48.4
0
0
0
0
0
5
5
0
0.0
1
0
2
2
100.0
37
18.5
12
31
0
0
0
118.8
0 (0)
0
25
36
6
0
0
0
0
0
# 57
ED
1
30
12
17
1
37.7
54.1
21.5
48.7
46.7
1
0
1
0
0
0
0
1
100.0
0
0
1
1
100.0
30
30.0
26
30
0
0
0
118.8
0 (0)
30
0
0
0
0
0
1
3
26
# 15
ED
1
19
11
8
0
35.3
38.7
69.2
51.9
-
0
0
0
0
0
0
1
0
0.0
0
0
0
0
0
0
0
0
0
0.0
0 (0)
19
0
0
0
0
0
0
6
13
# 95
DI
1
21
12
9
0
34.7
33.4
66.8
62.4
-
0
0
0
0
0
0
1
0
0.0
0
0
0
0
0
0
0
0
0
0.0
0 (0)
21
0
0
0
0
0
16
5
0
# 52
LB
1
28
22
0
6
32.5
33.8
31.7
-
55.6
0
0
0
0
0
2
0
2
50.0
0
0
2
2
100.0
15
7.5
19
8
0
0
0
97.9
0 (0)
1
23
0
4
0
0
0
0
1
# 93
DI
1
26
21
5
0
30.1
31.1
26.3
55.5
60.0
0
0
0
0
0
1
0
1
50.0
0
0
0
0
0
0
0
0
0
0.0
0 (0)
26
0
0
0
0
9
17
0
0
