1
Kolton Miller
2
Michael Mayer
3
Jalen Nailor
4
Ian Thomas
5
Ashton Jeanty
6
DJ Glaze
7
Jack Bech
8
Tyler Linderbaum
9
Mike Washington Jr.
10
Connor Heyward
11
Dylan Laube
12
Chris Myarick
13
Tre Tucker
14
Cody White
15
Malik Benson
16
Spencer Burford
17
Jackson Powers-Johnson
18
Kirk Cousins
19
Dareke Young
# 74
T
1
68
0
32
0
36
83.1
-
85.4
-
78.8
0 (0)
# 87
TE
1
55
25
3
0
27
76.3
70.0
42.9
-
74.1
0 (0)
# 09
WR
1
41
20
0
0
21
74.0
72.8
-
-
63.1
0 (0)
# 80
TE
1
31
2
7
0
22
72.2
55.3
77.5
-
69.1
0 (0)
# 02
HB
1
50
20
4
23
3
71.0
66.4
54.9
69.9
60.0
0 (0)
# 71
T
1
68
0
32
0
36
70.9
-
70.7
-
68.5
0 (0)
# 18
WR
1
27
13
0
0
14
70.4
70.2
-
-
57.4
0 (0)
# 65
C
1
68
0
32
0
36
68.7
-
71.2
-
66.6
0 (0)
# 04
HB
1
13
3
3
7
0
62.8
57.4
75.8
62.4
-
0 (0)
# 34
FB
1
32
7
6
1
18
61.5
53.3
61.1
62.6
57.2
0 (0)
# 23
HB
1
10
6
1
0
3
59.7
55.2
75.0
-
60.0
0 (0)
# 41
TE
1
5
1
0
0
4
58.6
59.3
-
-
60.1
0 (0)
# 01
WR
1
48
28
0
0
20
56.5
57.1
-
-
52.6
0 (0)
# 82
WR
1
11
5
0
0
6
55.2
55.6
-
-
59.5
0 (0)
# 19
WR
1
7
4
0
1
2
53.3
58.8
-
56.6
60.0
0 (0)
# 70
G
1
68
0
32
0
36
52.7
-
64.8
-
50.2
0 (0)
# 58
G
1
68
0
32
0
36
51.9
-
75.9
-
45.8
0 (0)
# 08
QB
1
68
32
0
4
32
46.3
47.0
-
53.9
60.1
0 (0)
# 81
WR
1
10
2
0
0
8
43.6
58.4
-
-
59.7
1 (0)
