1
D'Andre Swift
2
Kalif Raymond
3
Jonah Jackson
4
Cole Kmet
5
Darnell Wright
6
Kyle Monangai
7
Theo Benedet
8
Caleb Williams
9
Braxton Jones
10
Jahdae Walker
11
Luther Burden III
12
Joe Thuney
13
Rome Odunze
14
Kaden Davis
15
Sam Roush
16
Colston Loveland
17
Garrett Bradbury
# 04
HB
1
43
10
9
21
3
90.7
65.1
22.0
90.9
60.0
0 (0)
# 14
WR
1
45
23
0
0
22
90.2
86.8
-
-
84.2
0 (0)
# 73
G
1
75
0
40
0
35
85.7
-
88.7
-
79.1
0 (0)
# 85
TE
1
43
19
2
0
22
84.6
80.3
39.5
-
75.4
0 (0)
# 58
T
1
75
0
40
0
35
84.0
-
69.5
-
88.5
0 (0)
# 25
HB
1
32
16
5
10
1
74.1
63.6
46.2
76.2
60.0
0 (0)
# 79
T
1
19
0
6
0
13
69.1
-
81.4
-
64.7
0 (0)
# 18
QB
1
75
40
0
3
32
64.6
64.0
-
64.8
60.3
1 (0)
# 70
T
1
56
0
34
0
22
63.3
-
51.9
-
67.9
0 (0)
# 09
WR
1
34
17
0
0
17
62.8
60.6
-
-
66.9
0 (0)
# 10
WR
1
55
29
0
1
25
62.3
64.5
-
56.6
54.9
0 (0)
# 62
G
1
75
0
40
0
35
60.2
-
63.8
-
57.7
0 (0)
# 15
WR
1
36
23
0
0
13
59.2
65.0
-
-
30.3
1 (0)
# 81
WR
1
10
2
0
0
8
57.7
57.8
-
-
60.3
0 (0)
# 87
TE
1
12
5
2
0
5
53.8
54.5
39.5
-
61.0
0 (0)
# 84
TE
1
65
36
2
0
27
51.6
47.4
23.7
-
66.5
1 (0)
# 67
C
1
75
0
40
0
35
49.9
-
43.5
-
51.3
1 (0)
