1
Amik Robertson
2
Charles Omenihu
3
Jordan Magee
4
Tim Settle
5
Javon Kinlaw
6
Rasul Douglas
7
Leo Chenal
8
Daron Payne
9
Odafe Oweh
10
Javontae Jean-Baptiste
11
Jeremy Reaves
12
Joshua Josephs
13
Frankie Luvu
14
Sonny Styles
15
Nick Cross
16
Shy Tuttle
17
Quan Martin
18
K'Lavon Chaisson
19
Mike Sainristil
# 02
CB
1
55
20
0
35
76.7
63.6
61.4
-
77.2
0
0
0
0
0
5
0
1
16.7
1
0
2
1
50.0
3
3.0
1
3
0
0
0
56.3
0 (0)
4
2
0
3
46
0
0
0
4
# 90
ED
1
29
7
22
0
67.0
47.8
-
74.5
-
2
0
0
2
1
0
0
0
0
0
0
0
0
0
0
0
0
0.0
0 (0)
29
0
0
0
0
1
17
7
4
# 58
LB
1
9
2
1
6
65.8
53.9
73.2
62.2
62.6
1
0
0
1
0
0
1
0
0.0
0
0
0
0
0
0
0
0
0
0.0
0 (0)
0
9
0
0
0
0
0
0
0
# 97
DI
1
19
12
7
0
62.3
66.5
29.9
50.7
-
1
0
0
1
0
1
2
1
25.0
1
0
0
0
0
0
0
0
0
0.0
0 (0)
19
0
0
0
0
8
9
2
0
# 99
DI
1
32
16
16
0
62.0
67.2
28.6
51.5
-
1
0
0
1
0
2
0
0
0.0
2
0
0
0
0
0
0
0
0
0.0
0 (0)
32
0
0
0
0
0
20
4
8
# 29
CB
1
17
1
0
16
58.9
60.0
72.5
-
58.6
0
0
0
0
0
1
0
0
0.0
0
0
4
1
25.0
31
31.0
0
31
0
0
1
59.4
0 (0)
0
0
0
1
16
0
0
0
0
# 54
LB
1
23
10
1
12
55.0
40.6
31.5
68.2
66.1
0
0
0
0
0
3
0
1
25.0
1
0
0
0
0
0
0
0
0
0.0
0 (0)
0
22
0
1
0
0
0
0
0
# 94
DI
1
34
13
21
0
54.2
57.4
69.6
53.9
-
4
0
0
4
0
1
0
0
0.0
1
0
0
0
0
0
0
0
0
0.0
0 (0)
34
0
0
0
0
2
14
13
5
# 98
ED
1
46
16
27
3
53.7
52.6
73.6
55.2
62.5
1
1
0
0
0
1
1
0
0.0
2
0
0
0
0
0
0
0
0
0.0
0 (0)
46
0
0
0
0
0
0
0
46
# 41
ED
1
9
6
3
0
53.0
56.1
69.9
56.3
-
0
0
0
0
0
0
1
0
0.0
0
0
0
0
0
0
0
0
0
0.0
0 (0)
9
0
0
0
0
0
0
0
9
# 39
S
1
55
20
0
35
52.7
70.1
82.9
-
49.3
0
0
0
0
0
4
0
0
0.0
0
0
1
1
100.0
17
17.0
0
17
1
0
0
158.3
0 (0)
5
12
35
3
0
0
0
0
5
# 48
ED
1
13
4
8
1
50.6
56.3
-
52.7
60.0
0
0
0
0
0
0
0
0
0
0
0
0
0
0
0
0
0
0.0
0 (0)
13
0
0
0
0
0
0
0
13
# 04
LB
1
29
10
4
15
49.8
44.0
77.6
66.7
56.4
2
1
0
1
0
0
2
0
0.0
1
0
2
2
100.0
13
6.5
3
8
0
0
0
93.8
0 (0)
1
28
0
0
0
0
0
0
1
# 52
LB
1
48
16
8
24
48.6
41.9
29.2
71.4
52.8
2
1
0
1
0
2
1
2
40.0
3
0
2
1
50.0
43
43.0
29
43
1
0
0
135.4
0 (0)
5
40
0
3
0
0
0
0
5
# 25
S
1
54
19
2
33
48.4
65.6
70.7
51.4
47.1
1
0
0
1
0
5
2
1
12.5
5
0
3
3
100.0
4
1.3
6
12
0
0
0
79.2
0 (0)
3
11
21
18
1
0
0
0
3
# 96
DI
1
16
7
9
0
40.9
44.7
66.8
54.4
-
0
0
0
0
0
1
0
0
0.0
1
0
0
0
0
0
0
0
0
0.0
0 (0)
16
0
0
0
0
1
15
0
0
# 20
S
1
21
8
0
13
39.9
54.8
30.0
-
50.0
0
0
0
0
0
2
0
1
33.3
2
0
2
2
100.0
9
4.5
3
12
0
0
0
85.4
0 (0)
0
1
19
1
0
0
0
0
0
# 45
ED
1
42
14
22
6
37.3
51.6
21.7
52.2
36.5
3
0
2
1
0
0
0
1
100.0
0
0
2
1
50.0
10
10.0
4
10
0
0
0
64.6
0 (0)
40
1
0
1
0
0
0
0
40
# 00
CB
1
54
19
1
34
30.0
55.8
44.7
58.8
29.3
0
0
0
0
0
4
0
1
20.0
1
0
3
2
66.7
73
36.5
21
64
1
0
0
149.3
0 (0)
2
7
2
11
32
0
0
0
2
