1
Zack Baun
2
Marcus Epps
3
Jordan Davis
4
Quinyon Mitchell
5
Tariq Woolen
6
Andrew Mukuba
7
Michael Carter II
8
Jihaad Campbell
9
A.J. Epenesa
10
Nolan Smith
11
Moro Ojomo
12
Jalyx Hunt
13
Byron Young
14
Jalen Carter
15
Arnold Ebiketie
16
Cooper DeJean
# 53
LB
1
70
29
6
35
90.6
53.0
82.9
76.0
92.3
0
0
0
0
0
11
1
0
0.0
7
0
6
3
50.0
-2
-0.7
15
3
0
0
2
56.3
0 (0)
0
59
1
10
0
0
0
0
0
# 29
S
1
53
22
0
31
79.9
72.7
84.9
-
72.8
0
0
0
0
0
6
1
0
0.0
1
0
1
1
100.0
8
8.0
6
8
0
0
0
100.0
0 (0)
1
12
39
1
0
0
0
0
1
# 90
DI
1
34
17
17
0
77.1
70.8
71.8
69.6
60.0
0
0
0
0
0
6
2
0
0.0
4
0
0
0
0
0
0
0
0
0.0
0 (0)
34
0
0
0
0
7
26
1
0
# 27
CB
1
70
29
0
41
71.0
66.0
75.4
-
70.6
0
0
0
0
0
2
0
0
0.0
1
0
3
2
66.7
15
7.5
1
14
0
0
0
78.5
0 (0)
0
9
1
0
60
0
0
0
0
# 02
CB
1
70
29
0
41
67.9
66.5
-
-
66.9
0
0
0
0
0
0
0
0
0
0
5
1
20.0
1
1.0
0
1
1
0
0
79.2
0 (0)
0
7
0
1
62
0
0
0
0
# 24
S
1
70
29
0
41
63.7
65.4
79.3
-
60.9
0
0
0
0
0
1
1
0
0.0
0
0
1
1
100.0
6
6.0
3
6
0
0
0
91.7
0 (0)
0
17
48
5
0
0
0
0
0
# 35
CB
1
6
1
0
5
63.1
60.0
-
-
61.8
0
0
0
0
0
0
0
0
0
0
0
0
0
0
0
0
0
0.0
0 (0)
1
1
3
0
1
0
0
0
1
# 11
LB
1
67
28
7
32
61.5
69.6
68.7
68.0
49.4
2
1
0
1
0
5
3
1
11.1
5
0
3
2
66.7
48
24.0
7
33
0
0
0
109.7
0 (0)
9
52
1
4
1
0
0
0
9
# 57
ED
1
12
5
4
3
58.2
51.2
70.5
63.8
63.9
1
0
0
1
0
1
0
0
0.0
0
0
1
1
100.0
5
5.0
10
5
0
0
0
87.5
0 (0)
10
0
0
2
0
0
0
1
9
# 03
ED
1
47
19
25
3
57.1
55.2
72.0
57.7
61.4
6
0
0
6
0
2
0
0
0.0
2
0
0
0
0
0
0
0
0
0.0
0 (0)
47
0
0
0
0
0
0
1
46
# 97
DI
1
48
17
31
0
57.0
51.5
27.6
50.5
60.0
4
0
0
4
0
2
1
2
40.0
2
0
0
0
0
0
0
0
0
0.0
0 (0)
48
0
0
0
0
1
27
17
3
# 58
ED
1
53
23
27
3
53.5
42.2
34.3
65.2
63.7
4
0
0
4
0
2
1
1
25.0
1
0
0
0
0
0
0
0
0
0.0
0 (0)
53
0
0
0
0
0
1
3
49
# 94
DI
1
6
3
3
0
48.2
53.4
66.8
57.9
-
0
0
0
0
0
0
1
0
0.0
0
0
0
0
0
0
0
0
0
0.0
0 (0)
6
0
0
0
0
0
6
0
0
# 98
DI
1
66
28
38
0
45.4
54.0
25.3
43.8
60.0
4
0
0
4
0
1
1
2
50.0
0
1
0
0
0
0
0
0
0
0.0
0 (0)
66
0
0
0
0
2
41
20
3
# 17
ED
1
28
11
15
2
43.3
61.2
25.2
49.1
41.2
0
0
0
0
0
2
0
1
33.3
1
0
0
0
0
0
0
0
0
0.0
0 (0)
28
0
0
0
0
0
0
1
27
# 33
S
1
70
29
3
38
37.6
67.8
60.0
85.1
29.2
1
0
1
0
0
6
1
1
12.5
1
0
9
7
77.8
83
11.9
29
17
1
0
0
142.1
2 (1)
1
9
8
52
0
0
0
0
1
