1
Roquan Smith
2
Marlon Humphrey
3
Travis Jones
4
Kyle Hamilton
5
Jaylinn Hawkins
6
Trey Hendrickson
7
Chidobe Awuzie
8
Aeneas Peebles
9
Keyon Martin
10
Nate Wiggins
11
Calais Campbell
12
Tavius Robinson
13
Mike Green
14
John Jenkins
15
Malaki Starks
16
Trenton Simpson
17
Zion Young
18
Broderick Washington
# 00
LB
1
54
19
4
31
91.4
49.2
63.4
53.9
93.0
1
0
1
0
0
8
3
1
8.3
4
0
6
3
50.0
11
3.7
6
8
0
1
1
16.7
0 (0)
0
52
0
2
0
0
0
0
0
# 44
CB
1
48
15
1
32
91.0
29.5
79.1
57.7
92.8
0
0
0
0
0
4
1
0
0.0
1
1
4
3
75.0
29
9.7
1
14
0
0
1
94.8
0 (0)
2
1
0
0
45
0
0
0
2
# 98
DI
1
31
14
17
0
77.4
68.9
70.5
63.3
62.7
2
0
0
2
0
4
0
0
0.0
4
0
0
0
0
0
0
0
0
0.0
0 (0)
31
0
0
0
0
2
29
0
0
# 14
S
1
54
19
7
28
75.2
67.4
63.2
84.8
66.8
2
0
1
1
0
4
2
1
14.3
0
0
2
2
100.0
9
4.5
4
7
0
0
0
85.4
0 (0)
5
23
5
20
1
0
0
0
5
# 21
S
1
52
18
1
33
73.0
61.2
79.5
57.9
70.8
0
0
0
0
0
1
1
0
0.0
1
0
2
1
50.0
2
2.0
0
2
0
0
0
56.3
0 (0)
2
9
38
3
0
0
0
0
2
# 91
ED
1
40
10
26
4
70.0
64.8
70.5
65.5
63.4
4
0
0
4
0
1
0
0
0.0
0
0
1
1
100.0
6
6.0
3
6
0
0
0
91.7
0 (0)
40
0
0
0
0
0
2
0
38
# 03
CB
1
6
4
0
2
63.0
60.0
-
-
61.6
0
0
0
0
0
0
0
0
0
0
0
0
0
0
0
0
0
0.0
0 (0)
0
0
0
0
6
0
0
0
0
# 90
DI
1
10
0
10
0
60.1
-
-
59.5
-
1
0
1
0
0
0
0
0
0
0
0
0
0
0
0
0
0
0.0
0 (0)
10
0
0
0
0
0
7
3
0
# 38
CB
1
23
1
2
20
58.3
60.0
73.2
57.3
58.6
0
0
0
0
0
2
0
0
0.0
1
0
3
3
100.0
23
7.7
12
12
1
0
0
138.2
0 (0)
0
1
0
22
0
0
0
0
0
# 02
CB
1
54
19
0
35
58.1
35.2
78.1
-
64.1
0
0
0
0
0
4
0
0
0.0
1
0
3
1
33.3
9
9.0
3
9
0
0
1
42.4
0 (0)
1
2
0
1
50
0
0
0
1
# 93
DI
1
29
6
23
0
53.2
61.7
68.9
49.7
-
0
0
0
0
0
1
1
0
0.0
1
0
0
0
0
0
0
0
0
0.0
0 (0)
29
0
0
0
0
2
27
0
0
# 95
ED
1
44
14
25
5
53.1
59.2
73.1
62.1
37.9
5
1
3
1
0
1
1
0
0.0
1
0
2
1
50.0
23
23.0
7
23
0
0
0
91.7
0 (0)
44
0
0
0
0
0
0
6
38
# 15
ED
1
17
6
9
2
52.6
59.9
-
49.9
60.2
0
0
0
0
0
0
0
0
0
0
0
0
0
0
0
0
0
0.0
0 (0)
17
0
0
0
0
0
1
0
16
# 94
DI
1
13
6
7
0
49.5
53.1
-
55.0
-
0
0
0
0
0
0
0
0
0
0
0
0
0
0
0
0
0
0.0
0 (0)
13
0
0
0
0
2
11
0
0
# 24
S
1
54
19
2
33
49.1
63.7
60.8
91.1
40.7
2
1
1
0
0
2
4
1
14.3
1
0
3
3
100.0
41
13.7
38
25
0
0
0
118.8
1 (0)
2
5
43
4
0
0
0
0
2
# 32
ED
1
32
19
1
12
48.2
54.3
40.0
66.8
44.0
1
0
1
0
0
3
1
1
20.0
2
0
2
1
50.0
13
13.0
2
13
0
0
0
70.8
0 (0)
7
22
0
3
0
0
0
0
7
# 09
ED
1
12
8
4
0
46.5
50.7
-
54.4
-
0
0
0
0
0
0
0
0
0
0
0
0
0
0
0
0
0
0.0
0 (0)
12
0
0
0
0
0
0
2
10
# 96
DI
1
21
12
8
1
38.4
29.5
67.3
53.7
61.3
0
0
0
0
0
1
0
0
0.0
1
0
0
0
0
0
0
0
1
0.0
0 (0)
21
0
0
0
0
0
18
3
0
