1
Mike Gesicki
2
Tee Higgins
3
Dohnte Meyers
4
Chase Brown
5
Samaje Perine
6
Joe Burrow
7
Amarius Mims
8
Drew Sample
9
Jacob Bayer
9
Tahj Brooks
11
Orlando Brown Jr.
11
Ted Karras
13
Dalton Risner
14
Andrei Iosivas
15
Tanner Hudson
16
Ja'Marr Chase
17
Colbie Young
18
Dylan Fairchild
19
Erick All
# 88
TE
1
21
17
0
0
4
90.1
87.5
-
-
60.5
0 (0)
# 05
WR
1
46
31
0
0
15
76.8
73.9
-
-
77.6
0 (0)
# 81
WR
1
10
6
0
1
3
74.6
69.5
-
63.1
60.0
0 (0)
# 30
HB
1
46
20
6
16
4
71.9
75.8
80.2
68.2
60.0
0 (0)
# 34
HB
1
18
7
3
5
3
66.6
90.7
26.0
56.9
60.0
0 (0)
# 09
QB
1
64
38
0
4
22
66.2
62.6
-
69.6
60.0
0 (0)
# 71
T
1
64
0
38
0
26
65.9
-
84.1
-
49.8
0 (0)
# 89
TE
1
42
14
6
0
22
61.0
68.2
31.4
-
58.0
0 (0)
# 69
C
1
1
0
0
0
1
60.0
-
-
-
64.4
0 (0)
# 25
HB
1
2
1
1
0
0
60.0
59.9
72.4
-
-
0 (0)
# 75
T
1
64
0
38
0
26
59.4
-
68.4
-
48.8
0 (0)
# 64
C
1
64
0
38
0
26
59.4
-
60.9
-
58.1
0 (0)
# 66
G
1
64
0
38
0
26
59.1
-
83.9
-
49.5
0 (0)
# 80
WR
1
39
27
0
0
12
57.2
56.9
-
-
60.6
0 (0)
# 87
TE
1
6
4
0
0
2
56.4
57.0
-
-
60.0
0 (0)
# 01
WR
1
60
37
0
0
23
55.7
55.3
-
-
60.7
0 (0)
# 86
WR
1
9
3
0
0
6
53.7
55.0
-
-
55.4
0 (0)
# 63
G
1
64
0
38
0
26
52.7
-
28.9
-
61.0
0 (0)
# 83
TE
1
20
6
1
0
13
48.3
50.4
69.6
-
45.1
0 (0)
