1
Christian Gonzalez
2
Dre'Mont Jones
3
Christian Barmore
4
Carlton Davis III
5
Gabe Jacas
6
Marcus Jones
7
Charles Woods
8
Kevin Byard
9
Joshua Farmer
10
Elijah Ponder
11
Robert Spillane
12
Milton Williams
13
Craig Woodson
14
Cory Durden
15
Dell Pettus
16
Christian Elliss
17
Leonard Taylor III
# 00
CB
1
50
22
1
27
87.3
66.3
75.2
78.1
86.2
1
0
0
1
0
2
0
0
0.0
1
0
5
1
20.0
4
4.0
7
4
0
0
2
39.6
0 (0)
1
3
0
3
43
0
0
0
1
# 05
ED
1
42
18
23
1
80.7
63.9
73.6
80.6
60.0
6
1
3
2
0
1
1
0
0.0
1
0
0
0
0
0
0
0
0
0.0
0 (0)
42
0
0
0
0
0
4
0
38
# 90
DI
1
30
12
18
0
80.0
54.7
67.3
90.0
-
4
0
1
3
0
1
0
0
0.0
1
0
0
0
0
0
0
0
0
0.0
0 (0)
30
0
0
0
0
1
21
8
0
# 07
CB
1
49
21
2
26
79.6
80.9
78.8
56.2
76.4
0
0
0
0
0
3
2
0
0.0
2
0
2
0
0.0
0
0
0
0
0
39.6
0 (0)
2
10
0
2
35
0
0
0
2
# 50
ED
1
19
8
11
0
77.3
68.9
72.9
70.7
-
1
1
0
0
0
2
0
0
0.0
3
0
0
0
0
0
0
0
0
0.0
0 (0)
19
0
0
0
0
0
0
0
19
# 25
CB
1
24
8
1
15
67.5
76.9
79.5
57.2
60.5
0
0
0
0
0
4
1
0
0.0
2
0
2
2
100.0
29
14.5
8
24
0
0
0
118.8
0 (0)
0
5
3
15
1
0
0
0
0
# 22
CB
1
1
1
0
0
60.0
60.0
-
-
-
0
0
0
0
0
0
0
0
0
0
0
0
0
0
0
0
0
0.0
0 (0)
0
0
0
0
1
0
0
0
0
# 31
S
1
50
22
2
26
59.9
61.4
82.7
70.2
56.8
0
0
0
0
0
2
3
0
0.0
0
0
1
1
100.0
13
13.0
1
13
0
0
0
118.8
0 (0)
2
13
32
3
0
0
0
0
2
# 92
DI
1
9
4
5
0
59.2
61.7
-
55.2
-
0
0
0
0
0
0
0
0
0
0
0
0
0
0
0
0
0
0.0
0 (0)
9
0
0
0
0
0
9
0
0
# 91
ED
1
39
18
20
1
51.9
46.9
70.5
59.0
60.0
2
0
0
2
0
1
0
0
0.0
0
0
0
0
0
0
0
0
0
0.0
0 (0)
38
1
0
0
0
0
0
0
38
# 14
LB
1
50
22
3
25
51.4
64.9
67.1
67.9
42.8
1
0
0
1
0
7
1
1
11.1
4
0
5
4
80.0
30
7.5
19
13
0
0
0
91.7
0 (0)
0
45
0
5
0
0
0
0
0
# 97
DI
1
33
13
20
0
49.8
62.6
69.6
54.2
-
3
0
0
3
0
2
1
0
0.0
2
0
0
0
0
0
0
0
0
0.0
1 (0)
33
0
0
0
0
0
26
7
0
# 04
S
1
50
22
1
27
44.5
62.6
39.8
58.5
42.0
0
0
0
0
0
5
0
2
28.6
3
0
0
0
0
0
0
0
0
0.0
0 (0)
3
18
22
3
4
0
0
0
3
# 94
DI
1
28
14
14
0
41.3
31.6
69.0
60.3
62.2
1
0
0
1
0
1
1
0
0.0
0
0
0
0
0
0
0
0
0
0.0
0 (0)
28
0
0
0
0
9
19
0
0
# 24
S
1
20
11
0
9
38.8
47.6
34.5
-
43.1
0
0
0
0
0
2
1
1
25.0
0
0
3
3
100.0
26
8.7
18
11
0
0
0
102.8
0 (0)
0
13
0
7
0
0
0
0
0
# 53
LB
1
49
21
5
23
31.0
69.7
34.2
51.4
28.1
0
0
0
0
0
4
1
2
28.6
2
0
6
6
100.0
98
16.3
52
45
1
0
0
158.3
0 (0)
4
42
3
0
0
0
0
0
4
# 93
DI
1
7
5
2
0
29.8
37.2
-
59.2
-
0
0
0
0
0
0
0
0
0
0
0
0
0
0
0
0
0
0.0
0 (0)
7
0
0
0
0
0
7
0
0
