1
Jahmyr Gibbs
2
Amon-Ra St. Brown
3
Christian Mahogany
4
Jared Goff
5
Blake Miller
6
Sam LaPorta
7
Penei Sewell
8
Tate Ratledge
9
Sione Vaki
10
Juice Scruggs
11
Jackson Meeks
12
Jameson Williams
13
Brock Wright
14
Isaac TeSlaa
15
Ben Bartch
16
Tyler Conklin
17
Larry Borom
# 00
HB
2
111
49
11
50
1
85.2
86.5
81.6
78.7
60.0
0 (0)
# 14
WR
2
131
84
0
0
47
80.9
81.1
-
-
51.8
0 (0)
# 73
G
1
11
0
5
0
6
76.8
-
77.5
-
72.6
0 (0)
# 16
QB
2
142
87
0
2
53
76.4
76.7
-
50.9
60.0
1 (0)
# 76
T
1
77
0
41
0
36
74.7
-
78.4
-
69.3
0 (0)
# 87
TE
2
126
76
4
0
46
72.8
75.1
73.7
-
57.0
0 (0)
# 58
T
2
142
0
87
0
55
70.0
-
63.0
-
75.7
1 (0)
# 69
G
2
142
0
87
0
55
66.5
-
61.5
-
65.3
1 (0)
# 33
HB
2
33
24
5
3
1
62.2
68.3
67.0
57.7
60.0
0 (0)
# 70
C
2
142
0
87
0
55
61.4
-
64.6
-
63.1
1 (0)
# 13
WR
1
1
1
0
0
0
58.8
58.1
-
-
-
0 (0)
# 01
WR
2
128
83
0
0
45
54.4
56.7
-
60.0
60.7
0 (0)
# 89
TE
2
56
12
13
0
31
53.5
49.7
43.4
-
60.4
0 (0)
# 18
WR
2
101
68
0
0
33
51.7
52.2
-
-
50.5
0 (0)
# 78
G
2
131
0
82
0
49
48.0
-
25.1
-
58.0
1 (0)
# 83
TE
2
14
4
0
0
10
42.9
51.7
-
-
44.5
0 (0)
# 79
T
2
74
0
47
0
27
34.6
-
36.4
-
48.7
3 (0)
