1
Aidan Hutchinson
2
Malcolm Rodriguez
3
Tyleik Williams
4
Christian Izien
5
Derrick Barnes
6
Chuck Clark
7
Eric O'Neill
8
Alim McNeill
9
Skyler Gill-Howard
10
D.J. Reed
11
Khalil Dorsey
12
Keith Abney II
13
Levi Onwuzurike
14
Roger McCreary
15
D.J. Wonnum
16
Thomas Harper
17
Trevor Nowaske
18
Tyler Lacy
19
Derrick Moore
20
Devin White
21
Rock Ya-Sin
22
Avonte Maddox
23
Jack Campbell
24
Ben Stille
# 97
ED
2
138
43
92
3
90.9
66.5
77.1
91.1
63.6
16
3
3
10
0
3
3
0
0.0
5
1
1
1
100.0
6
6.0
1
6
0
0
0
91.7
0 (0)
136
1
0
0
1
0
0
1
135
# 44
LB
2
35
19
2
14
82.2
74.9
60.1
54.3
77.4
2
0
1
1
0
4
1
1
16.7
4
0
1
1
100.0
0
0.0
5
0
0
0
0
79.2
0 (0)
1
32
0
2
0
0
0
0
1
# 91
DI
2
82
37
43
2
81.3
76.0
73.8
76.6
58.1
4
0
1
3
0
4
4
0
0.0
2
0
0
0
0
0
0
0
0
0.0
0 (0)
82
0
0
0
0
37
43
2
0
# 05
S
1
26
15
0
11
72.9
72.7
73.1
-
63.7
0
0
0
0
0
2
0
0
0.0
2
0
0
0
0
0
0
0
0
0.0
0 (0)
5
11
6
4
0
0
0
0
5
# 55
LB
2
151
52
26
73
70.1
40.5
64.8
68.2
83.6
5
2
0
3
0
7
3
1
9.1
6
0
8
5
62.5
44
8.8
22
22
0
1
1
37.5
0 (0)
57
70
0
24
0
0
0
0
57
# 36
S
2
105
43
2
60
69.8
77.2
89.9
55.3
62.8
1
0
1
0
0
12
3
0
0.0
2
0
4
3
75.0
44
14.7
25
22
0
1
0
70.8
0 (0)
5
27
71
2
0
0
0
0
5
# 66
ED
1
4
1
2
1
69.2
60.0
69.2
57.3
60.0
0
0
0
0
0
1
0
0
0.0
1
0
0
0
0
0
0
0
0
0.0
0 (0)
4
0
0
0
0
0
0
0
4
# 54
DI
2
149
50
98
1
67.8
60.7
35.5
68.2
59.3
6
1
1
4
0
1
2
1
25.0
1
0
0
0
0
0
0
0
0
0.0
0 (0)
148
1
0
0
0
6
115
26
1
# 50
DI
2
71
19
46
6
66.5
61.3
70.1
60.8
65.3
4
0
1
3
0
2
1
0
0.0
2
0
0
0
0
0
0
0
0
0.0
0 (0)
69
2
0
0
0
0
40
28
1
# 04
CB
2
160
54
1
105
65.4
55.7
75.8
60.0
66.7
1
0
0
1
0
14
2
1
5.9
4
0
10
6
60.0
135
22.5
31
47
0
0
1
104.2
2 (1)
18
10
0
1
131
0
0
0
18
# 30
CB
1
2
1
0
1
63.8
60.3
72.5
-
60.0
0
0
0
0
0
1
0
0
0.0
1
0
0
0
0
0
0
0
0
0.0
0 (0)
0
0
0
0
2
0
0
0
0
# 06
CB
1
25
4
4
17
63.2
62.0
74.6
50.1
75.1
0
0
0
0
0
2
0
0
0.0
1
0
2
2
100.0
1
0.5
11
3
0
0
0
79.2
1 (0)
0
0
0
25
0
0
0
0
0
# 95
DI
1
22
10
12
0
60.8
57.4
-
62.9
-
0
0
0
0
0
0
0
0
0
0
0
0
0
0
0
0
0
0.0
0 (0)
22
0
0
0
0
4
12
4
2
# 21
CB
2
57
15
8
34
58.7
73.3
60.7
77.4
48.3
3
1
0
2
0
3
1
1
20.0
3
1
5
3
60.0
33
11.0
14
20
0
0
0
79.6
1 (0)
2
8
0
46
1
0
0
0
2
# 98
ED
2
96
23
66
7
57.3
66.5
74.0
55.2
48.0
3
0
0
3
2
4
1
0
0.0
2
0
1
1
100.0
25
25.0
8
25
0
0
0
118.8
0 (0)
94
1
0
0
1
0
0
1
93
# 12
S
2
87
22
4
61
55.2
57.7
66.1
51.2
57.4
1
0
0
1
0
4
1
1
16.7
0
0
6
4
66.7
57
14.3
6
27
1
0
2
136.8
0 (0)
0
15
67
5
0
0
0
0
0
# 53
ED
2
13
3
2
8
50.7
58.3
-
56.5
66.3
1
0
1
0
0
0
0
0
0
0
0
0
0
0
0
0
0
0.0
0 (0)
9
3
0
1
0
0
0
0
9
# 93
ED
2
51
22
29
0
50.6
56.0
74.0
59.4
-
1
0
0
1
0
2
2
0
0.0
0
0
0
0
0
0
0
0
0
0.0
1 (0)
51
0
0
0
0
0
19
15
17
# 08
ED
2
35
13
17
5
49.3
51.3
-
49.7
62.7
1
0
0
1
0
0
0
0
0
0
1
1
100.0
5
5.0
4
5
0
0
0
87.5
0 (0)
32
3
0
0
0
0
1
1
30
# 45
LB
2
51
16
5
30
44.4
46.0
81.8
63.9
55.8
0
0
0
0
0
4
4
0
0.0
1
0
2
2
100.0
13
6.5
13
9
0
0
0
93.8
1 (0)
0
45
0
6
0
0
0
0
0
# 23
CB
2
159
53
3
103
43.7
62.5
68.5
66.0
42.2
0
0
0
0
0
13
0
1
7.1
3
0
16
11
68.8
99
9.0
35
23
1
0
0
106.0
3 (0)
7
15
0
3
134
0
0
0
7
# 29
S
2
112
32
4
76
38.9
67.3
84.2
65.2
36.1
1
0
0
1
0
8
3
0
0.0
1
0
8
5
62.5
102
20.4
26
43
2
0
1
145.8
0 (0)
6
48
35
21
2
0
0
0
6
# 46
LB
2
164
55
22
87
37.7
50.0
84.5
49.0
40.4
2
0
1
1
0
10
5
0
0.0
4
0
12
10
83.3
94
9.4
9
19
2
0
0
138.9
1 (0)
5
149
0
9
1
0
0
0
5
# 96
DI
1
9
3
6
0
34.9
45.0
-
56.4
-
0
0
0
0
0
0
0
0
0
0
0
0
0
0
0
0
0
0.0
0 (0)
9
0
0
0
0
1
5
2
1
