1
Dalton Kincaid
2
Josh Allen
3
Khalil Shakir
4
Jackson Hawes
5
Dion Dawkins
6
Keon Coleman
7
Dawson Knox
8
Connor McGovern
9
DJ Moore
10
Alec Anderson
11
Frank Gore Jr.
12
Joshua Palmer
13
Tylan Grable
13
James Cook
13
Greg Dortch
16
Spencer Brown
17
Ray Davis
18
Keleki Latu
19
O'Cyrus Torrence
# 86
TE
2
91
52
5
0
34
91.7
91.0
56.2
-
73.8
0 (0)
# 17
QB
2
131
79
0
14
38
85.6
76.4
-
88.2
60.0
0 (0)
# 10
WR
2
66
46
1
0
19
78.4
76.3
69.6
-
73.2
0 (0)
# 85
TE
2
61
10
15
0
36
73.8
47.7
71.2
-
76.4
0 (0)
# 73
T
2
131
0
79
0
52
70.8
-
83.1
-
62.0
1 (1)
# 00
WR
2
84
51
1
0
32
70.2
69.9
62.4
-
53.2
0 (0)
# 88
TE
2
94
35
18
0
41
68.3
57.0
57.1
-
78.5
1 (0)
# 66
C
2
131
0
79
0
52
67.8
-
66.6
-
66.6
1 (1)
# 02
WR
2
66
42
1
1
22
66.4
67.7
60.5
56.6
57.2
0 (0)
# 70
G
2
131
0
79
0
52
63.9
-
62.1
-
62.1
1 (0)
# 20
HB
2
19
8
7
1
3
62.5
53.4
72.1
59.1
60.0
0 (0)
# 05
WR
2
46
34
0
0
12
62.0
61.6
-
-
59.8
0 (0)
# 68
T
2
3
0
2
0
1
60.0
-
73.7
-
60.0
0 (0)
# 04
HB
2
96
43
9
35
9
60.0
41.2
83.2
63.9
58.4
0 (0)
# 19
WR
1
4
0
0
0
4
60.0
-
-
-
60.0
0 (0)
# 79
T
2
131
0
79
0
52
58.1
-
42.3
-
67.5
0 (0)
# 07
HB
2
15
7
3
1
4
57.9
54.7
81.2
59.3
60.0
0 (0)
# 83
TE
2
10
3
2
0
5
56.0
54.6
68.9
-
60.0
0 (0)
# 64
G
2
131
0
79
0
52
46.5
-
62.8
-
44.6
1 (0)
