1
Greg Rousseau
2
Deone Walker
3
Javon Solomon
3
Dorian Williams
5
Terrel Bernard
6
DeWayne Carter
7
Jordan Hancock
8
C.J. Gardner-Johnson
9
Greg Gaines
10
Mike Danna
11
T.J. Parker
12
Cole Bishop
13
Ed Oliver
14
Bradley Chubb
15
Maxwell Hairston
16
Michael Hoecht
17
Dee Alford
18
Christian Benford
19
Damar Hamlin
20
Davison Igbinosun
21
Kaleb Elarms-Orr
22
Landon Jackson
# 15
ED
2
106
35
69
2
90.6
58.3
47.2
90.5
77.2
16
4
6
6
0
3
0
1
25.0
7
3
1
0
0.0
0
0
0
0
1
39.6
0 (0)
106
0
0
0
0
0
0
1
105
# 96
DI
2
95
36
59
0
90.1
55.9
54.6
92.8
65.5
9
1
2
6
3
3
6
1
10.0
4
0
0
0
0
0
0
0
0
0.0
1 (0)
95
0
0
0
0
14
74
7
0
# 56
ED
2
23
8
8
7
71.8
61.0
28.6
74.0
64.3
1
0
0
1
0
0
1
1
50.0
0
0
0
0
0
0
0
0
0
0.0
0 (0)
23
0
0
0
0
0
0
0
23
# 42
LB
2
90
43
1
46
71.8
66.6
76.1
59.1
70.2
0
0
0
0
0
9
6
1
6.3
6
0
6
4
66.7
29
7.3
7
16
1
0
1
117.4
0 (0)
1
85
0
4
0
0
0
0
1
# 08
LB
2
144
50
11
83
69.3
86.8
78.7
49.3
56.0
0
0
0
0
0
15
4
1
5.0
7
0
11
9
81.8
98
10.9
79
35
0
0
1
103.8
0 (0)
7
131
0
6
0
0
0
0
7
# 90
DI
2
49
22
27
0
67.6
61.8
70.5
67.4
-
3
0
0
3
0
3
1
0
0.0
2
0
0
0
0
0
0
0
0
0.0
0 (0)
49
0
0
0
0
3
43
3
0
# 37
S
1
13
3
0
10
64.2
60.0
83.5
-
63.7
0
0
0
0
0
5
0
0
0.0
1
0
3
3
100.0
33
11.0
18
22
0
0
0
112.5
0 (0)
0
1
0
12
0
0
0
0
0
# 22
S
2
144
50
0
94
62.6
40.7
30.1
-
67.9
0
0
0
0
0
8
0
4
33.3
2
0
0
0
0
0
0
0
0
0.0
0 (0)
0
24
113
6
1
0
0
0
0
# 97
DI
2
33
16
17
0
60.1
60.5
69.2
57.6
-
0
0
0
0
0
2
0
0
0.0
1
0
0
0
0
0
0
0
0
0.0
0 (0)
33
0
0
0
0
4
27
2
0
# 51
ED
1
8
1
7
0
58.8
60.0
-
58.5
-
2
0
1
1
0
0
0
0
0
0
0
0
0
0
0
0
0
0.0
0 (0)
6
2
0
0
0
0
0
0
6
# 99
ED
2
31
11
17
3
56.0
52.4
68.1
59.3
61.8
1
0
0
1
0
0
1
0
0.0
0
0
0
0
0
0
0
0
0
0.0
0 (0)
26
4
0
1
0
0
0
2
24
# 24
S
2
137
50
3
84
55.5
62.3
57.7
64.6
53.1
1
0
0
1
0
13
1
1
6.7
2
0
10
9
90.0
69
7.7
41
18
1
0
0
128.8
1 (1)
6
80
31
20
0
0
0
0
6
# 91
DI
1
65
21
44
0
54.9
48.8
40.9
61.2
60.0
2
0
1
1
0
1
4
1
16.7
0
0
0
0
0
0
0
0
0
0.0
0 (0)
63
2
0
0
0
1
33
26
3
# 09
ED
2
105
33
68
4
54.3
49.8
36.7
56.6
65.4
8
2
1
5
0
2
4
3
33.3
3
0
0
0
0
0
0
0
0
0.0
0 (0)
104
0
0
1
0
0
0
0
104
# 01
CB
2
115
41
0
74
52.3
47.9
30.7
-
53.5
0
0
0
0
0
3
0
2
40.0
0
0
5
3
60.0
51
17.0
4
18
0
0
0
94.6
0 (0)
0
9
0
3
103
0
0
0
0
# 55
ED
2
51
14
35
2
50.3
53.9
47.1
58.1
44.7
6
1
1
4
0
1
0
0
0.0
1
0
0
0
0
0
0
0
0
0.0
0 (0)
42
9
0
0
0
0
0
1
41
# 23
CB
2
86
20
1
65
45.1
51.1
28.7
60.0
44.9
0
0
0
0
0
4
3
3
30.0
1
0
9
6
66.7
108
18.0
53
34
1
0
0
144.7
1 (0)
1
6
0
77
2
0
0
0
1
# 47
CB
2
143
50
0
93
40.1
56.0
58.5
-
37.2
0
0
0
0
0
10
1
2
15.4
4
0
18
11
61.1
128
11.6
16
25
3
0
1
122.2
2 (0)
0
16
0
0
127
0
0
0
0
# 03
S
2
42
4
1
37
36.0
60.0
80.2
58.2
43.7
0
0
0
0
0
1
2
0
0.0
1
0
1
1
100.0
8
8.0
3
8
0
0
0
100.0
1 (0)
0
12
28
2
0
0
0
0
0
# 21
CB
2
27
7
0
20
33.9
70.7
78.8
-
29.6
0
0
0
0
0
4
1
0
0.0
1
0
4
3
75.0
41
13.7
10
21
0
0
1
107.3
2 (0)
0
2
0
3
22
0
0
0
0
# 52
LB
2
20
4
2
14
33.6
65.3
77.2
55.9
30.0
0
0
0
0
0
4
0
0
0.0
0
0
3
3
100.0
36
12.0
15
18
0
0
0
116.7
0 (0)
1
16
0
3
0
0
0
0
1
# 94
ED
2
57
31
26
0
30.3
36.2
71.8
51.6
-
0
0
0
0
0
3
2
0
0.0
1
0
0
0
0
0
0
0
0
0.0
1 (0)
56
1
0
0
0
1
11
35
9
